 0.500     22.6     128.8
 1.000     22.6     128.8
 1.500     22.6     128.8
 2.000     22.6     128.8
 2.500     22.6     128.8
 3.000     22.6     128.8
 3.500     22.6     128.8
 4.000     22.6     128.8
 4.500     22.6     128.8
 5.000     22.6     128.8
 5.500     22.6     128.8
 6.000     22.6     128.8
 6.500     22.6     128.8
 7.000     22.6     128.8
 7.500     22.6     128.8
 8.000     22.6     128.8
 8.500     22.6     128.8
9.000     22.6     128.8
9.500     22.6     128.8
10.000     22.6     128.8
10.500     22.6     128.8
11.000     22.6     128.8
11.500     22.6     128.8
12.000     22.6     128.8
12.500     22.6     128.8
13.000     22.6     128.8
13.500     22.6     128.8
14.000     22.6     128.8
14.500     22.6     128.8
15.000     22.6     128.8
15.500     22.6     128.8
16.000     22.6     128.8
16.500     22.6     128.8
17.000     22.6     128.8
17.500     22.6     128.8
18.000     22.6     128.8
18.500     22.6     128.8
19.000     22.6     128.8
19.500     22.6     128.8
20.000     22.6     128.8
20.500     22.6     128.8
21.000     22.6     128.8
21.500     22.6     128.8
22.000     22.6     128.8
22.500     22.6     128.8
23.000     22.6     128.8
23.500     22.6     128.8
24.000     22.6     128.8
24.500     22.6     128.8
25.000     22.6     128.7
25.500     22.6     128.7
26.000     22.6     128.7
26.500     22.6     128.7
27.000     22.6     128.7
27.500     22.6     128.5
28.000     22.6     128.5
28.500     22.6     128.5
29.000     22.6     128.5
29.500     22.6     128.5
30.000     22.6     128.5
30.500     22.6     128.5
31.000     22.6     128.5
31.500     22.6     128.5
32.000     22.6     128.5
32.500     22.6     128.5
33.000     22.6     128.5
33.500     22.6     128.5
34.000     22.6     128.5
34.500     22.6     128.5
35.000     22.6     128.5
35.500     22.6     128.5
36.000     22.6     128.5
36.500     22.6     128.5
37.000     22.6     128.5
37.500     22.6     128.5
38.000     22.6     128.5
38.500     22.6     128.5
39.000     22.6     128.5
39.500     22.6     128.5
40.000     22.6     128.5
40.500     22.6     128.5
41.000     22.6     128.5
41.500     22.6     128.5
42.000     22.6     128.5
42.500     22.6     128.5
43.000     22.6     128.5
43.500     22.6     128.5
44.000     22.6     128.5
44.500     22.6     128.5
45.000     22.6     128.5
45.500     22.6     128.5
46.000     22.6     128.5
46.500     22.6     128.5
47.000     22.6     128.5
47.500     22.6     128.5
48.000     22.7     128.5
48.500     22.7     128.5
49.000     22.8     128.4
49.500     22.9     128.4
50.000     23.0     128.4
50.500     23.1     128.4
51.000     23.3     128.3
51.500     23.5     128.2
52.000     23.7     128.2
52.500     23.9     128.0
53.000     24.2     128.0
53.500     24.5     127.8
54.000     24.8     127.8
54.500     25.2     127.7
55.000     25.5     127.6
55.500     25.9     127.4
56.000     26.3     127.2
56.500     26.7     127.1
57.000     27.1     127.1
57.500     27.6     126.8
58.000     28.0     126.7
58.500     28.5     126.5
59.000     28.9     126.4
59.500     29.4     126.1
60.000     29.9     126.0
60.500     30.3     125.8
61.000     30.8     125.7
61.500     31.3     125.4
62.000     31.8     125.3
62.500     32.3     125.1
63.000     32.7     124.9
63.500     33.2     124.6
64.000     33.7     124.4
64.500     34.2     124.2
65.000     34.7     124.1
65.500     35.2     123.9
66.000     35.6     123.8
66.500     36.1     123.5
67.000     36.6     123.4
67.500     37.1     123.1
68.000     37.5     122.9
68.500     38.0     122.7
69.000     38.5     122.6
69.500     38.9     122.4
70.000     39.4     122.3
70.500     39.9     122.0
71.000     40.3     121.7
71.500     40.8     121.5
72.000     41.2     121.4
72.500     41.7     121.2
73.000     42.1     121.1
73.500     42.6     120.8
74.000     43.0     120.6
74.500     43.4     120.4
75.000     43.9     120.3
75.500     44.3     120.1
76.000     44.7     120.0
76.500     45.1     119.8
77.000     45.5     119.6
77.500     46.0     119.4
78.000     46.4     119.3
78.500     46.8     119.1
79.000     47.2     118.9
79.500     47.6     118.7
80.000     48.0     118.5
80.500     48.4     118.4
81.000     48.8     118.3
81.500     49.1     118.1
82.000     49.5     118.0
82.500     49.9     117.7
83.000     50.3     117.5
83.500     50.7     117.4
84.000     51.0     117.3
84.500     51.4     117.1
85.000     51.8     117.0
85.500     52.1     116.8
86.000     52.5     116.6
86.500     52.8     116.4
87.000     53.2     116.3
87.500     53.5     116.1
88.000     53.9     116.0
88.500     54.2     115.9
89.000     54.6     115.7
89.500     54.9     115.6
90.000     55.2     115.5
90.500     55.6     115.2
91.000     55.9     115.0
91.500     56.2     115.0
92.000     56.5     114.8
92.500     56.9     114.7
93.000     57.2     114.5
93.500     57.5     114.4
94.000     57.8     114.3
94.500     58.1     114.1
95.000     58.4     114.1
95.500     58.7     113.9
96.000     59.0     113.7
96.500     59.3     113.7
97.000     59.6     113.5
97.500     59.9     113.3
98.000     60.2     113.3
98.500     60.5     113.1
99.000     60.8     113.0
99.500     61.1     112.8
100.000     61.3     112.6
100.500     61.6     112.5
101.000     61.9     112.4
101.500     62.2     112.3
102.000     62.4     112.1
102.500     62.7     112.0
103.000     63.0     111.9
103.500     63.2     111.8
104.000     63.5     111.7
104.500     63.8     111.5
105.000     64.0     111.4
105.500     64.3     111.3
106.000     64.5     111.2
106.500     64.8     111.1
107.000     65.0     111.1
107.500     65.3     110.9
108.000     65.5     110.9
108.500     65.8     110.7
109.000     66.0     110.6
109.500     66.2     110.5
110.000     66.5     110.4
110.500     66.7     110.2
111.000     66.9     110.1
111.500     67.2     110.0
112.000     67.4     109.9
112.500     67.6     109.8
113.000     67.8     109.7
113.500     68.1     109.6
114.000     68.3     109.5
114.500     68.5     109.4
115.000     68.7     109.3
115.500     68.9     109.2
116.000     69.2     109.1
116.500     69.3     109.0
117.000     69.5     108.9
117.500     69.8     108.8
118.000     70.0     108.6
118.500     70.2     108.6
119.000     70.4     108.6
119.500     70.6     108.4
120.000     70.8     108.4
120.500     71.0     108.2
121.000     71.2     108.1
121.500     71.4     108.0
122.000     71.5     108.0
122.500     71.7     107.9
123.000     71.9     107.8
123.500     72.1     107.7
124.000     72.3     107.6
124.500     72.4     107.4
125.000     72.6     107.4
125.500     72.8     107.4
126.000     73.0     107.2
126.500     73.1     107.1
127.000     73.3     107.1
127.500     73.5     107.0
128.000     73.6     106.9
128.500     73.8     106.8
129.000     73.9     106.7
129.500     74.1     106.6
130.000     74.3     106.6
130.500     74.5     106.5
131.000     74.6     106.4
131.500     74.8     106.3
132.000     74.9     106.3
132.500     75.1     106.2
133.000     75.3     106.1
133.500     75.4     106.0
134.000     75.6     105.9
134.500     75.7     105.9
135.000     75.8     105.8
135.500     76.0     105.7
136.000     76.2     105.7
136.500     76.3     105.6
137.000     76.4     105.5
137.500     76.6     105.4
138.000     76.8     105.4
138.500     76.9     105.3
139.000     77.1     105.2
139.500     77.2     105.1
140.000     77.3     105.1
140.500     77.5     105.0
141.000     77.6     104.9
141.500     77.7     104.8
142.000     77.9     104.8
142.500     78.0     104.7
143.000     78.1     104.6
143.500     78.2     104.6
144.000     78.4     104.5
144.500     78.5     104.4
145.000     78.6     104.4
145.500     78.7     104.3
146.000     78.9     104.2
146.500     79.0     104.2
147.000     79.1     104.1
147.500     79.2     104.0
148.000     79.4     104.0
148.500     79.5     103.9
149.000     79.6     103.8
149.500     79.7     103.8
150.000     79.8     103.7
150.500     80.0     103.6
151.000     80.1     103.6
151.500     80.2     103.5
152.000     80.3     103.5
152.500     80.4     103.4
153.000     80.5     103.3
153.500     80.6     103.3
154.000     80.8     103.2
154.500     80.9     103.2
155.000     81.0     103.1
155.500     81.1     103.1
156.000     81.2     103.1
156.500     81.3     102.9
157.000     81.4     102.8
157.500     81.5     102.8
158.000     81.6     102.8
158.500     81.7     102.8
159.000     81.8     102.7
159.500     81.9     102.6
160.000     81.9     102.6
160.500     82.0     102.5
161.000     82.2     102.5
161.500     82.3     102.4
162.000     82.4     102.4
162.500     82.4     102.3
163.000     82.5     102.2
163.500     82.6     102.2
164.000     82.7     102.1
164.500     82.8     102.1
165.000     82.9     102.0
165.500     83.0     102.0
166.000     83.1     101.9
166.500     83.2     101.9
167.000     83.2     101.8
167.500     83.3     101.7
168.000     83.4     101.7
168.500     83.5     101.6
169.000     83.6     101.6
169.500     83.7     101.6
170.000     83.7     101.6
170.500     83.8     101.5
171.000     83.9     101.5
171.500     84.0     101.4
172.000     84.1     101.4
172.500     84.1     101.3
173.000     84.2     101.3
173.500     84.3     101.2
174.000     84.3     101.2
174.500     84.4     101.1
175.000     84.5     101.1
175.500     84.6     101.0
176.000     84.6     101.0
176.500     84.7     101.0
177.000     84.8     101.0
177.500     84.8     100.8
178.000     84.9     100.8
178.500     85.0     100.7
179.000     85.0     100.7
179.500     85.1     100.6
180.000     85.2     100.6
180.500     85.3     100.6
181.000     85.3     100.6
181.500     85.4     100.5
182.000     85.4     100.5
182.500     85.5     100.4
183.000     85.6     100.4
183.500     85.6     100.3
184.000     85.7     100.3
184.500     85.8     100.3
185.000     85.8     100.2
185.500     85.9     100.2
186.000     86.0     100.1
186.500     86.0     100.1
187.000     86.1     100.0
187.500     86.1     100.0
188.000     86.2     100.0
188.500     86.3     100.0
189.000     86.3     99.9
189.500     86.4     99.9
190.000     86.4     99.9
190.500     86.4     99.8
191.000     86.5     99.8
191.500     86.6     99.7
192.000     86.6     99.7
192.500     86.7     99.6
193.000     86.8     99.6
193.500     86.8     99.6
194.000     86.9     99.5
194.500     86.9     99.5
195.000     86.9     99.4
195.500     87.0     99.4
196.000     87.0     99.4
196.500     87.1     99.4
197.000     87.2     99.4
197.500     87.2     99.3
198.000     87.2     99.3
198.500     87.3     99.2
199.000     87.4     99.2
199.500     87.4     99.2
200.000     87.4     99.1
200.500     87.5     99.1
201.000     87.5     99.1
201.500     87.5     99.0
202.000     87.6     99.0
202.500     87.7     98.9
203.000     87.7     98.9
203.500     87.7     98.9
204.000     87.8     98.8
204.500     87.9     98.8
205.000     87.9     98.8
205.500     87.9     98.7
206.000     88.0     98.7
206.500     88.0     98.7
207.000     88.1     98.7
207.500     88.1     98.7
208.000     88.1     98.6
208.500     88.2     98.6
209.000     88.2     98.6
209.500     88.2     98.5
210.000     88.3     98.5
210.500     88.3     98.5
211.000     88.4     98.4
211.500     88.4     98.4
212.000     88.4     98.4
212.500     88.4     98.4
213.000     88.5     98.4
213.500     88.5     98.3
214.000     88.6     98.3
214.500     88.6     98.3
215.000     88.6     98.2
215.500     88.7     98.2
216.000     88.7     98.2
216.500     88.7     98.1
217.000     88.7     98.1
217.500     88.8     98.1
218.000     88.8     98.0
218.500     88.9     98.0
219.000     88.9     98.0
219.500     88.9     97.9
220.000     88.9     97.9
220.500     89.0     97.9
221.000     89.0     97.8
221.500     89.1     97.8
222.000     89.1     97.8
222.500     89.1     97.8
223.000     89.1     97.8
223.500     89.1     97.8
224.000     89.2     97.7
224.500     89.2     97.7
225.000     89.2     97.7
225.500     89.2     97.6
226.000     89.3     97.6
226.500     89.3     97.6
227.000     89.3     97.6
227.500     89.4     97.5
228.000     89.4     97.5
228.500     89.4     97.5
229.000     89.4     97.5
229.500     89.5     97.5
230.000     89.5     97.5
230.500     89.5     97.4
231.000     89.5     97.4
231.500     89.6     97.4
232.000     89.6     97.3
232.500     89.6     97.3
233.000     89.6     97.3
233.500     89.7     97.3
234.000     89.7     97.2
234.500     89.7     97.2
235.000     89.7     97.2
235.500     89.8     97.2
236.000     89.8     97.2
236.500     89.8     97.2
237.000     89.8     97.1
237.500     89.8     97.1
238.000     89.8     97.1
238.500     89.9     97.1
239.000     89.9     97.0
239.500     89.9     97.0
240.000     90.0     97.0
240.500     90.0     97.0
241.000     90.0     96.9
241.500     90.0     96.9
242.000     90.0     96.9
242.500     90.0     96.8
243.000     90.0     96.8
243.500     90.1     96.8
244.000     90.1     96.8
244.500     90.1     96.7
245.000     90.1     96.7
245.500     90.1     96.7
246.000     90.1     96.7
246.500     90.1     96.7
247.000     90.2     96.7
247.500     90.2     96.7
248.000     90.2     96.6
248.500     90.2     96.6
249.000     90.3     96.6
249.500     90.3     96.6
250.000     90.3     96.5
250.500     90.3     96.5
251.000     90.3     96.5
251.500     90.4     96.5
252.000     90.4     96.4
252.500     90.4     96.4
253.000     90.4     96.4
253.500     90.4     96.4
254.000     90.4     96.3
254.500     90.4     96.3
255.000     90.4     96.3
255.500     90.4     96.3
256.000     90.5     96.3
256.500     90.5     96.3
257.000     90.5     96.3
257.500     90.5     96.3
258.000     90.5     96.2
258.500     90.5     96.2
259.000     90.5     96.2
259.500     90.5     96.2
260.000     90.5     96.2
260.500     90.5     96.1
261.000     90.6     96.1
261.500     90.6     96.1
262.000     90.6     96.1
262.500     90.6     96.0
263.000     90.6     96.0
263.500     90.6     96.0
264.000     90.7     96.0
264.500     90.7     95.9
265.000     90.7     95.9
265.500     90.7     95.9
266.000     90.7     95.9
266.500     90.7     95.9
267.000     90.7     95.9
267.500     90.8     95.9
268.000     90.8     95.9
268.500     90.8     95.9
269.000     90.8     95.8
269.500     90.8     95.8
270.000     90.8     95.8
270.500     90.8     95.8
271.000     90.8     95.7
271.500     90.8     95.7
272.000     90.8     95.7
272.500     90.8     95.7
273.000     90.8     95.7
273.500     90.8     95.6
274.000     90.8     95.6
274.500     90.8     95.6
275.000     90.9     95.6
275.500     90.9     95.6
276.000     90.9     95.6
276.500     90.9     95.6
277.000     90.9     95.6
277.500     90.9     95.6
278.000     90.9     95.5
278.500     90.9     95.5
279.000     90.9     95.5
279.500     90.9     95.5
280.000     90.9     95.4
280.500     90.9     95.4
281.000     90.9     95.4
281.500     90.9     95.4
282.000     90.9     95.4
282.500     90.9     95.3
283.000     90.9     95.3
283.500     90.9     95.3
284.000     90.9     95.3
284.500     91.0     95.3
285.000     91.0     95.3
285.500     91.0     95.3
286.000     91.0     95.3
286.500     91.0     95.3
287.000     91.0     95.3
287.500     91.0     95.2
288.000     91.0     95.2
288.500     91.0     95.2
289.000     91.0     95.2
289.500     91.0     95.2
290.000     91.0     95.1
290.500     91.0     95.1
291.000     91.0     95.1
291.500     91.0     95.1
292.000     91.0     95.1
292.500     91.1     95.0
293.000     91.1     95.0
293.500     91.1     95.0
294.000     91.1     95.0
294.500     91.1     95.0
295.000     91.1     95.0
295.500     91.1     95.0
296.000     91.1     95.0
296.500     91.1     95.0
297.000     91.1     95.0
297.500     91.1     94.9
298.000     91.1     94.9
298.500     91.1     94.9
299.000     91.1     94.9
299.500     91.1     94.9
300.000     91.1     94.8
300.500     91.1     94.8
301.000     91.1     94.8
301.500     91.1     94.8
302.000     91.1     94.8
302.500     91.1     94.8
303.000     91.1     94.7
303.500     91.1     94.7
304.000     91.1     94.7
304.500     91.1     94.7
305.000     91.1     94.7
305.500     91.1     94.7
306.000     91.1     94.7
306.500     91.1     94.7
307.000     91.1     94.7
307.500     91.2     94.7
308.000     91.2     94.6
308.500     91.2     94.6
309.000     91.2     94.6
309.500     91.2     94.6
310.000     91.2     94.6
310.500     91.2     94.6
311.000     91.2     94.5
311.500     91.2     94.5
312.000     91.2     94.5
312.500     91.2     94.5
313.000     91.2     94.5
313.500     91.2     94.5
314.000     91.2     94.4
314.500     91.2     94.4
315.000     91.2     94.4
315.500     91.2     94.4
316.000     91.2     94.4
316.500     91.2     94.4
317.000     91.2     94.4
317.500     91.2     94.4
318.000     91.2     94.4
318.500     91.2     94.4
319.000     91.2     94.3
319.500     91.2     94.3
320.000     91.2     94.3
320.500     91.2     94.3
321.000     91.2     94.3
321.500     91.2     94.3
322.000     91.2     94.2
322.500     91.2     94.2
323.000     91.2     94.2
323.500     91.2     94.2
324.000     91.2     94.2
324.500     91.2     94.2
325.000     91.2     94.1
325.500     91.2     94.1
326.000     91.2     94.1
326.500     91.2     94.1
327.000     91.2     94.1
327.500     91.1     94.1
328.000     91.1     94.0
328.500     91.1     94.0
329.000     91.1     94.0
329.500     91.1     94.0
330.000     91.1     94.0
330.500     91.1     94.0
331.000     91.1     94.0
331.500     91.1     94.0
332.000     91.1     94.0
332.500     91.1     94.0
333.000     91.1     94.0
333.500     91.1     94.0
334.000     91.1     93.9
334.500     91.1     93.9
335.000     91.1     93.9
335.500     91.1     93.9
336.000     91.1     93.9
336.500     91.1     93.9
337.000     91.1     93.8
337.500     91.1     93.8
338.000     91.1     93.8
338.500     91.1     93.8
339.000     91.1     93.8
339.500     91.1     93.8
340.000     91.1     93.8
340.500     91.1     93.8
341.000     91.1     93.8
341.500     91.1     93.8
342.000     91.1     93.8
342.500     91.1     93.8
343.000     91.1     93.7
343.500     91.1     93.7
344.000     91.1     93.7
344.500     91.1     93.7
345.000     91.0     93.7
345.500     91.0     93.7
346.000     91.0     93.6
346.500     91.0     93.6
347.000     91.0     93.6
347.500     91.0     93.6
348.000     91.0     93.6
348.500     91.0     93.6
349.000     91.0     93.6
349.500     91.0     93.6
350.000     91.0     93.6
350.500     91.0     93.6
351.000     91.0     93.6
351.500     91.0     93.6
352.000     91.0     93.5
352.500     91.0     93.5
353.000     91.0     93.5
353.500     91.0     93.5
354.000     91.0     93.5
354.500     91.0     93.5
355.000     91.0     93.5
355.500     90.9     93.4
356.000     90.9     93.4
356.500     90.9     93.4
357.000     90.9     93.4
357.500     90.9     93.4
358.000     90.9     93.4
358.500     90.9     93.4
359.000     90.9     93.3
359.500     90.9     93.3
360.000     90.9     93.3
360.500     90.9     93.3
361.000     90.9     93.3
361.500     90.9     93.3
362.000     90.9     93.3
362.500     90.9     93.3
363.000     90.9     93.3
363.500     90.9     93.3
364.000     90.9     93.3
364.500     90.9     93.3
365.000     90.9     93.3
365.500     90.9     93.2
366.000     90.9     93.2
366.500     90.9     93.2
367.000     90.9     93.2
367.500     90.9     93.2
368.000     90.9     93.2
368.500     90.9     93.2
369.000     90.9     93.1
369.500     90.9     93.1
370.000     90.9     93.1
370.500     90.9     93.1
371.000     90.8     93.1
371.500     90.8     93.1
372.000     90.8     93.1
372.500     90.8     93.0
373.000     90.8     93.0
373.500     90.8     93.0
374.000     90.8     93.0
374.500     90.8     93.0
375.000     90.8     93.0
375.500     90.8     93.0
376.000     90.8     93.0
376.500     90.8     93.0
377.000     90.8     93.0
377.500     90.8     93.0
378.000     90.8     93.0
378.500     90.8     93.0
379.000     90.8     92.9
379.500     90.8     92.9
380.000     90.8     92.9
380.500     90.8     92.9
381.000     90.8     92.9
381.500     90.8     92.9
382.000     90.8     92.9
382.500     90.8     92.8
383.000     90.8     92.8
383.500     90.8     92.8
384.000     90.8     92.8
384.500     90.7     92.8
385.000     90.7     92.8
385.500     90.7     92.8
386.000     90.7     92.8
386.500     90.7     92.8
387.000     90.7     92.8
387.500     90.7     92.8
388.000     90.7     92.8
388.500     90.7     92.8
389.000     90.7     92.7
389.500     90.7     92.7
390.000     90.7     92.7
390.500     90.7     92.7
391.000     90.6     92.7
391.500     90.6     92.7
392.000     90.6     92.7
392.500     90.6     92.7
393.000     90.6     92.6
393.500     90.6     92.6
394.000     90.6     92.6
394.500     90.6     92.6
395.000     90.6     92.6
395.500     90.6     92.6
396.000     90.6     92.6
396.500     90.6     92.6
397.000     90.6     92.6
397.500     90.5     92.6
398.000     90.5     92.6
398.500     90.5     92.6
399.000     90.5     92.6
399.500     90.5     92.5
400.000     90.5     92.5
400.500     90.5     92.5
401.000     90.5     92.5
401.500     90.5     92.5
402.000     90.5     92.5
402.500     90.5     92.5
403.000     90.5     92.4
403.500     90.5     92.4
404.000     90.5     92.4
404.500     90.5     92.4
405.000     90.5     92.4
405.500     90.5     92.4
406.000     90.5     92.4
406.500     90.5     92.4
407.000     90.5     92.3
407.500     90.5     92.3
408.000     90.4     92.3
408.500     90.4     92.3
409.000     90.4     92.3
409.500     90.4     92.3
410.000     90.4     92.3
410.500     90.4     92.3
411.000     90.4     92.3
411.500     90.4     92.3
412.000     90.4     92.3
412.500     90.4     92.3
413.000     90.4     92.3
413.500     90.4     92.3
414.000     90.4     92.2
414.500     90.4     92.2
415.000     90.4     92.2
415.500     90.4     92.2
416.000     90.4     92.2
416.500     90.4     92.2
417.000     90.4     92.2
417.500     90.4     92.2
418.000     90.3     92.1
418.500     90.3     92.1
419.000     90.3     92.1
419.500     90.3     92.1
420.000     90.3     92.1
420.500     90.3     92.1
421.000     90.3     92.1
421.500     90.3     92.1
422.000     90.3     92.1
422.500     90.3     92.1
423.000     90.3     92.1
423.500     90.2     92.1
424.000     90.2     92.1
424.500     90.2     92.1
425.000     90.2     92.0
425.500     90.2     92.0
426.000     90.2     92.0
426.500     90.2     92.0
427.000     90.2     92.0
427.500     90.2     92.0
428.000     90.2     92.0
428.500     90.1     92.0
429.000     90.1     91.9
429.500     90.1     91.9
430.000     90.1     91.9
430.500     90.1     91.9
431.000     90.1     91.9
431.500     90.1     91.9
432.000     90.1     91.9
432.500     90.1     91.8
433.000     90.1     91.8
433.500     90.1     91.8
434.000     90.1     91.8
434.500     90.1     91.8
435.000     90.1     91.8
435.500     90.1     91.8
436.000     90.1     91.8
436.500     90.1     91.8
437.000     90.1     91.8
437.500     90.1     91.8
438.000     90.1     91.8
438.500     90.0     91.8
439.000     90.0     91.8
439.500     90.0     91.7
440.000     90.0     91.7
440.500     90.0     91.7
441.000     90.0     91.7
441.500     90.0     91.7
442.000     90.0     91.7
442.500     90.0     91.7
443.000     90.0     91.7
443.500     90.0     91.6
444.000     90.0     91.6
444.500     90.0     91.6
445.000     90.0     91.6
445.500     90.0     91.6
446.000     90.0     91.6
446.500     90.0     91.6
447.000     90.0     91.6
447.500     90.0     91.6
448.000     89.9     91.6
448.500     89.9     91.6
449.000     89.9     91.6
449.500     89.9     91.6
450.000     89.9     91.6
450.500     89.9     91.5
451.000     89.9     91.5
451.500     89.9     91.5
452.000     89.9     91.5
452.500     89.9     91.5
453.000     89.8     91.5
453.500     89.8     91.5
454.000     89.8     91.5
454.500     89.8     91.5
455.000     89.8     91.4
455.500     89.8     91.4
456.000     89.8     91.4
456.500     89.8     91.4
457.000     89.8     91.4
457.500     89.8     91.4
458.000     89.8     91.4
458.500     89.8     91.4
459.000     89.8     91.3
459.500     89.8     91.3
460.000     89.8     91.3
460.500     89.8     91.3
461.000     89.8     91.3
461.500     89.8     91.3
462.000     89.7     91.3
462.500     89.7     91.3
463.000     89.7     91.3
463.500     89.7     91.3
464.000     89.7     91.3
464.500     89.7     91.3
465.000     89.7     91.3
465.500     89.7     91.3
466.000     89.7     91.2
466.500     89.7     91.2
467.000     89.7     91.2
467.500     89.6     91.2
468.000     89.6     91.2
468.500     89.6     91.2
469.000     89.6     91.2
469.500     89.6     91.2
470.000     89.6     91.2
470.500     89.6     91.2
471.000     89.6     91.2
471.500     89.6     91.2
472.000     89.6     91.2
472.500     89.6     91.2
473.000     89.6     91.2
473.500     89.6     91.1
474.000     89.6     91.1
474.500     89.6     91.1
475.000     89.6     91.1
475.500     89.5     91.1
476.000     89.5     91.1
476.500     89.5     91.1
477.000     89.5     91.1
477.500     89.5     91.0
478.000     89.5     91.0
478.500     89.5     91.0
479.000     89.5     91.0
479.500     89.5     91.0
480.000     89.5     91.0
480.500     89.4     91.0
481.000     89.4     91.0
481.500     89.4     90.9
482.000     89.4     90.9
482.500     89.4     90.9
483.000     89.4     90.9
483.500     89.4     90.9
484.000     89.4     90.9
484.500     89.4     90.9
485.000     89.4     90.9
485.500     89.4     90.9
486.000     89.4     90.9
486.500     89.4     90.9
487.000     89.4     90.9
487.500     89.4     90.9
488.000     89.4     90.9
488.500     89.4     90.9
489.000     89.3     90.8
489.500     89.3     90.8
490.000     89.3     90.8
490.500     89.3     90.8
491.000     89.3     90.8
491.500     89.3     90.8
492.000     89.3     90.8
492.500     89.3     90.8
493.000     89.3     90.8
493.500     89.3     90.8
494.000     89.2     90.8
494.500     89.2     90.8
495.000     89.2     90.8
495.500     89.2     90.8
496.000     89.2     90.8
496.500     89.2     90.7
497.000     89.2     90.7
497.500     89.2     90.7
498.000     89.2     90.7
498.500     89.2     90.7
499.000     89.2     90.7
499.500     89.2     90.7
500.000     89.2     90.7
500.500     89.2     90.6
501.000     89.2     90.6
501.500     89.2     90.6
502.000     89.2     90.6
502.500     89.1     90.6
503.000     89.1     90.6
503.500     89.1     90.6
504.000     89.1     90.6
504.500     89.1     90.5
505.000     89.1     90.5
505.500     89.1     90.5
506.000     89.1     90.5
506.500     89.1     90.5
507.000     89.1     90.5
507.500     89.1     90.5
508.000     89.1     90.5
508.500     89.1     90.5
509.000     89.1     90.5
509.500     89.1     90.5
510.000     89.1     90.5
510.500     89.0     90.5
511.000     89.0     90.5
511.500     89.0     90.5
512.000     89.0     90.4
512.500     89.0     90.4
513.000     89.0     90.4
513.500     89.0     90.4
514.000     89.0     90.4
514.500     89.0     90.4
515.000     89.0     90.4
515.500     88.9     90.4
516.000     88.9     90.4
516.500     88.9     90.4
517.000     88.9     90.4
517.500     88.9     90.4
518.000     88.9     90.4
518.500     88.9     90.4
519.000     88.9     90.4
519.500     88.9     90.3
520.000     88.9     90.3
520.500     88.9     90.3
521.000     88.9     90.3
521.500     88.9     90.3
522.000     88.9     90.3
522.500     88.9     90.3
523.000     88.9     90.3
523.500     88.8     90.3
524.000     88.8     90.2
524.500     88.8     90.2
525.000     88.8     90.2
525.500     88.8     90.2
526.000     88.8     90.2
526.500     88.8     90.2
527.000     88.8     90.2
527.500     88.8     90.2
528.000     88.8     90.1
528.500     88.7     90.1
529.000     88.7     90.1
529.500     88.7     90.1
530.000     88.7     90.1
530.500     88.7     90.1
531.000     88.7     90.1
531.500     88.7     90.1
532.000     88.7     90.1
532.500     88.7     90.1
533.000     88.7     90.1
533.500     88.7     90.1
534.000     88.7     90.1
534.500     88.7     90.1
535.000     88.7     90.1
535.500     88.7     90.0
536.000     88.7     90.0
536.500     88.6     90.0
537.000     88.6     90.0
537.500     88.6     90.0
538.000     88.6     90.0
538.500     88.6     90.0
539.000     88.6     90.0
539.500     88.6     90.0
540.000     88.6     90.0
540.500     88.6     90.0
541.000     88.6     90.0
541.500     88.6     90.0
542.000     88.6     90.0
542.500     88.6     90.0
543.000     88.6     89.9
543.500     88.6     89.9
544.000     88.6     89.9
544.500     88.5     89.9
545.000     88.5     89.9
545.500     88.5     89.9
546.000     88.5     89.9
546.500     88.5     89.9
547.000     88.5     89.9
547.500     88.5     89.8
548.000     88.5     89.8
548.500     88.5     89.8
549.000     88.4     89.8
549.500     88.4     89.8
550.000     88.4     89.8
550.500     88.4     89.8
551.000     88.4     89.8
551.500     88.4     89.8
552.000     88.4     89.8
552.500     88.4     89.8
553.000     88.4     89.8
553.500     88.4     89.8
554.000     88.4     89.8
554.500     88.4     89.8
555.000     88.4     89.7
555.500     88.4     89.7
556.000     88.4     89.7
556.500     88.4     89.7
557.000     88.4     89.7
557.500     88.3     89.7
558.000     88.3     89.7
558.500     88.3     89.7
559.000     88.3     89.7
559.500     88.3     89.6
560.000     88.3     89.6
560.500     88.3     89.6
561.000     88.3     89.6
561.500     88.3     89.6
562.000     88.2     89.6
562.500     88.2     89.6
563.000     88.2     89.6
563.500     88.2     89.6
564.000     88.2     89.6
564.500     88.2     89.6
565.000     88.2     89.6
565.500     88.2     89.6
566.000     88.2     89.5
566.500     88.2     89.5
567.000     88.2     89.5
567.500     88.2     89.5
568.000     88.2     89.5
568.500     88.2     89.5
569.000     88.2     89.5
569.500     88.2     89.5
570.000     88.1     89.5
570.500     88.1     89.4
571.000     88.1     89.4
571.500     88.1     89.4
572.000     88.1     89.4
572.500     88.1     89.4
573.000     88.1     89.4
573.500     88.1     89.4
574.000     88.1     89.4
574.500     88.1     89.4
575.000     88.1     89.4
575.500     88.1     89.4
576.000     88.1     89.4
576.500     88.1     89.4
577.000     88.1     89.4
577.500     88.1     89.4
578.000     88.0     89.4
578.500     88.0     89.3
579.000     88.0     89.3
579.500     88.0     89.3
580.000     88.0     89.3
580.500     88.0     89.3
581.000     88.0     89.3
581.500     88.0     89.3
582.000     88.0     89.3
582.500     87.9     89.2
583.000     87.9     89.2
583.500     87.9     89.2
584.000     87.9     89.2
584.500     87.9     89.2
585.000     87.9     89.2
585.500     87.9     89.2
586.000     87.9     89.2
586.500     87.9     89.2
587.000     87.9     89.2
587.500     87.9     89.2
588.000     87.9     89.2
588.500     87.9     89.2
589.000     87.9     89.2
589.500     87.9     89.2
590.000     87.9     89.1
590.500     87.8     89.1
591.000     87.8     89.1
591.500     87.8     89.1
592.000     87.8     89.1
592.500     87.8     89.1
593.000     87.8     89.1
593.500     87.8     89.1
594.000     87.8     89.1
594.500     87.8     89.1
595.000     87.7     89.1
595.500     87.7     89.1
596.000     87.7     89.1
596.500     87.7     89.1
597.000     87.7     89.1
597.500     87.7     89.0
598.000     87.7     89.0
598.500     87.7     89.0
599.000     87.7     89.0
599.500     87.7     89.0
600.000     87.7     89.0
600.500     87.7     89.0
601.000     87.7     89.0
601.500     87.7     89.0
602.000     87.7     88.9
602.500     87.6     88.9
603.000     87.6     88.9
603.500     87.6     88.9
604.000     87.6     88.9
604.500     87.6     88.9
605.000     87.6     88.9
605.500     87.6     88.9
606.000     87.6     88.9
606.500     87.6     88.9
607.000     87.5     88.9
607.500     87.5     88.9
608.000     87.5     88.9
608.500     87.5     88.9
609.000     87.5     88.9
609.500     87.5     88.8
610.000     87.5     88.8
610.500     87.5     88.8
611.000     87.5     88.8
611.500     87.5     88.8
612.000     87.5     88.8
612.500     87.5     88.8
613.000     87.5     88.8
613.500     87.5     88.8
614.000     87.5     88.7
614.500     87.5     88.7
615.000     87.4     88.7
615.500     87.4     88.7
616.000     87.4     88.7
616.500     87.4     88.7
617.000     87.4     88.7
617.500     87.4     88.7
618.000     87.4     88.7
618.500     87.4     88.7
619.000     87.4     88.7
619.500     87.4     88.7
620.000     87.4     88.7
620.500     87.4     88.7
621.000     87.4     88.7
621.500     87.4     88.6
622.000     87.4     88.6
622.500     87.4     88.6
623.000     87.3     88.6
623.500     87.3     88.6
624.000     87.3     88.6
624.500     87.3     88.6
625.000     87.3     88.6
625.500     87.3     88.6
626.000     87.3     88.6
626.500     87.3     88.6
627.000     87.3     88.6
627.500     87.2     88.6
628.000     87.2     88.6
628.500     87.2     88.6
629.000     87.2     88.5
629.500     87.2     88.5
630.000     87.2     88.5
630.500     87.2     88.5
631.000     87.2     88.5
631.500     87.2     88.5
632.000     87.2     88.5
632.500     87.2     88.5
633.000     87.2     88.5
633.500     87.2     88.4
634.000     87.2     88.4
634.500     87.2     88.4
635.000     87.2     88.4
635.500     87.1     88.4
636.000     87.1     88.4
636.500     87.1     88.4
637.000     87.1     88.4
637.500     87.1     88.4
638.000     87.1     88.4
638.500     87.1     88.4
639.000     87.1     88.4
639.500     87.1     88.4
640.000     87.0     88.4
640.500     87.0     88.4
641.000     87.0     88.3
641.500     87.0     88.3
642.000     87.0     88.3
642.500     87.0     88.3
643.000     87.0     88.3
643.500     87.0     88.3
644.000     87.0     88.3
644.500     87.0     88.3
645.000     87.0     88.2
645.500     87.0     88.2
646.000     87.0     88.2
646.500     87.0     88.2
647.000     87.0     88.2
647.500     86.9     88.2
648.000     86.9     88.2
648.500     86.9     88.2
649.000     86.9     88.2
649.500     86.9     88.2
650.000     86.9     88.2
650.500     86.9     88.2
651.000     86.9     88.2
651.500     86.9     88.2
652.000     86.9     88.2
652.500     86.9     88.1
653.000     86.9     88.1
653.500     86.9     88.1
654.000     86.9     88.1
654.500     86.9     88.1
655.000     86.9     88.1
655.500     86.9     88.1
656.000     86.8     88.1
656.500     86.8     88.1
657.000     86.8     88.1
657.500     86.8     88.1
658.000     86.8     88.1
658.500     86.8     88.1
659.000     86.8     88.1
659.500     86.8     88.1
660.000     86.8     88.0
660.500     86.8     88.0
661.000     86.8     88.0
661.500     86.8     88.0
662.000     86.8     88.0
662.500     86.8     88.0
663.000     86.8     88.0
663.500     86.7     88.0
664.000     86.7     88.0
664.500     86.7     87.9
665.000     86.7     87.9
665.500     86.7     87.9
666.000     86.7     87.9
666.500     86.7     87.9
667.000     86.7     87.9
667.500     86.7     87.9
668.000     86.7     87.9
668.500     86.6     87.9
669.000     86.6     87.9
669.500     86.6     87.9
670.000     86.6     87.9
670.500     86.6     87.9
671.000     86.6     87.9
671.500     86.6     87.9
672.000     86.6     87.8
672.500     86.6     87.8
673.000     86.6     87.8
673.500     86.6     87.8
674.000     86.6     87.8
674.500     86.6     87.8
675.000     86.6     87.8
675.500     86.6     87.8
676.000     86.5     87.8
676.500     86.5     87.7
677.000     86.5     87.7
677.500     86.5     87.7
678.000     86.5     87.7
678.500     86.5     87.7
679.000     86.5     87.7
679.500     86.5     87.7
680.000     86.5     87.7
680.500     86.4     87.7
681.000     86.4     87.7
681.500     86.4     87.7
682.000     86.4     87.7
682.500     86.4     87.7
683.000     86.4     87.7
683.500     86.4     87.7
684.000     86.4     87.6
684.500     86.4     87.6
685.000     86.4     87.6
685.500     86.4     87.6
686.000     86.4     87.6
686.500     86.4     87.6
687.000     86.4     87.6
687.500     86.4     87.6
688.000     86.4     87.5
688.500     86.3     87.5
689.000     86.3     87.5
689.500     86.3     87.5
690.000     86.3     87.5
690.500     86.3     87.5
691.000     86.3     87.5
691.500     86.3     87.5
692.000     86.3     87.5
692.500     86.3     87.5
693.000     86.3     87.5
693.500     86.3     87.5
694.000     86.3     87.5
694.500     86.3     87.5
695.000     86.3     87.5
695.500     86.3     87.4
696.000     86.2     87.4
696.500     86.2     87.4
697.000     86.2     87.4
697.500     86.2     87.4
698.000     86.2     87.4
698.500     86.2     87.4
699.000     86.2     87.4
699.500     86.2     87.4
700.000     86.2     87.4
700.500     86.2     87.4
701.000     86.1     87.4
701.500     86.1     87.4
702.000     86.1     87.4
702.500     86.1     87.4
703.000     86.1     87.4
703.500     86.1     87.3
704.000     86.1     87.3
704.500     86.1     87.3
705.000     86.1     87.3
705.500     86.1     87.3
706.000     86.1     87.3
706.500     86.1     87.3
707.000     86.1     87.3
707.500     86.1     87.3
708.000     86.1     87.2
708.500     86.0     87.2
709.000     86.0     87.2
709.500     86.0     87.2
710.000     86.0     87.2
710.500     86.0     87.2
711.000     86.0     87.2
711.500     86.0     87.2
712.000     86.0     87.2
712.500     86.0     87.2
713.000     86.0     87.2
713.500     86.0     87.2
714.000     86.0     87.2
714.500     86.0     87.2
715.000     86.0     87.2
715.500     86.0     87.1
716.000     85.9     87.1
716.500     85.9     87.1
717.000     85.9     87.1
717.500     85.9     87.1
718.000     85.9     87.1
718.500     85.9     87.1
719.000     85.9     87.1
719.500     85.9     87.1
720.000     85.9     87.0
720.500     85.9     87.0
721.000     85.9     87.0
721.500     85.9     87.0
722.000     85.9     87.0
722.500     85.9     87.0
723.000     85.9     87.0
723.500     85.8     87.0
724.000     85.8     87.0
724.500     85.8     87.0
725.000     85.8     87.0
725.500     85.8     87.0
726.000     85.8     87.0
726.500     85.8     87.0
727.000     85.8     86.9
727.500     85.7     86.9
728.000     85.7     86.9
728.500     85.7     86.9
729.000     85.7     86.9
729.500     85.7     86.9
730.000     85.7     86.9
730.500     85.7     86.9
731.000     85.7     86.9
731.500     85.7     86.9
732.000     85.7     86.9
732.500     85.7     86.9
733.000     85.7     86.9
733.500     85.7     86.9
734.000     85.7     86.9
734.500     85.7     86.9
735.000     85.6     86.8
735.500     85.6     86.8
736.000     85.6     86.8
736.500     85.6     86.8
737.000     85.6     86.8
737.500     85.6     86.8
738.000     85.6     86.8
738.500     85.6     86.8
739.000     85.6     86.8
739.500     85.6     86.8
740.000     85.6     86.8
740.500     85.6     86.8
741.000     85.6     86.8
741.500     85.6     86.8
742.000     85.6     86.8
742.500     85.6     86.7
743.000     85.5     86.7
743.500     85.5     86.7
744.000     85.5     86.7
744.500     85.5     86.7
745.000     85.5     86.7
745.500     85.5     86.7
746.000     85.5     86.7
746.500     85.5     86.7
747.000     85.5     86.6
747.500     85.4     86.6
748.000     85.4     86.6
748.500     85.4     86.6
749.000     85.4     86.6
749.500     85.4     86.6
750.000     85.4     86.6
750.500     85.4     86.6
751.000     85.4     86.6
751.500     85.4     86.6
752.000     85.4     86.6
752.500     85.4     86.6
753.000     85.4     86.6
753.500     85.4     86.6
754.000     85.4     86.6
754.500     85.4     86.5
755.000     85.3     86.5
755.500     85.3     86.5
756.000     85.3     86.5
756.500     85.3     86.5
757.000     85.3     86.5
757.500     85.3     86.5
758.000     85.3     86.5
758.500     85.3     86.5
759.000     85.3     86.4
759.500     85.3     86.4
760.000     85.3     86.4
760.500     85.3     86.4
761.000     85.3     86.4
761.500     85.3     86.4
762.000     85.3     86.4
762.500     85.3     86.4
763.000     85.2     86.4
763.500     85.2     86.4
764.000     85.2     86.4
764.500     85.2     86.4
765.000     85.2     86.4
765.500     85.2     86.4
766.000     85.2     86.4
766.500     85.2     86.4
767.000     85.2     86.3
767.500     85.2     86.3
768.000     85.2     86.3
768.500     85.2     86.3
769.000     85.2     86.3
769.500     85.2     86.3
770.000     85.1     86.3
770.500     85.1     86.3
771.000     85.1     86.3
771.500     85.1     86.3
772.000     85.1     86.3
772.500     85.1     86.3
773.000     85.1     86.3
773.500     85.1     86.3
774.000     85.1     86.3
774.500     85.0     86.2
775.000     85.0     86.2
775.500     85.0     86.2
776.000     85.0     86.2
776.500     85.0     86.2
777.000     85.0     86.2
777.500     85.0     86.2
778.000     85.0     86.2
778.500     85.0     86.2
779.000     85.0     86.1
779.500     85.0     86.1
780.000     85.0     86.1
780.500     85.0     86.1
781.000     85.0     86.1
781.500     85.0     86.1
782.000     85.0     86.1
782.500     84.9     86.1
783.000     84.9     86.1
783.500     84.9     86.1
784.000     84.9     86.1
784.500     84.9     86.1
785.000     84.9     86.1
785.500     84.9     86.1
786.000     84.9     86.0
786.500     84.9     86.0
787.000     84.9     86.0
787.500     84.9     86.0
788.000     84.9     86.0
788.500     84.9     86.0
789.000     84.9     86.0
789.500     84.9     86.0
790.000     84.8     86.0
790.500     84.8     86.0
791.000     84.8     86.0
791.500     84.8     86.0
792.000     84.8     86.0
792.500     84.8     86.0
793.000     84.8     86.0
793.500     84.8     86.0
794.000     84.8     85.9
794.500     84.8     85.9
795.000     84.8     85.9
795.500     84.8     85.9
796.000     84.8     85.9
796.500     84.8     85.9
797.000     84.8     85.9
797.500     84.8     85.9
798.000     84.7     85.9
798.500     84.7     85.9
799.000     84.7     85.9
799.500     84.7     85.9
800.000     84.7     85.9
800.500     84.7     85.9
801.000     84.7     85.8
801.500     84.7     85.8
802.000     84.7     85.8
802.500     84.6     85.8
803.000     84.6     85.8
803.500     84.6     85.8
804.000     84.6     85.8
804.500     84.6     85.8
805.000     84.6     85.8
805.500     84.6     85.7
806.000     84.6     85.7
806.500     84.6     85.7
807.000     84.6     85.7
807.500     84.6     85.7
808.000     84.6     85.7
808.500     84.6     85.7
809.000     84.6     85.7
809.500     84.6     85.7
810.000     84.5     85.7
810.500     84.5     85.7
811.000     84.5     85.7
811.500     84.5     85.7
812.000     84.5     85.7
812.500     84.5     85.7
813.000     84.5     85.6
813.500     84.5     85.6
814.000     84.5     85.6
814.500     84.5     85.6
815.000     84.5     85.6
815.500     84.5     85.6
816.000     84.5     85.6
816.500     84.5     85.6
817.000     84.5     85.6
817.500     84.4     85.6
818.000     84.4     85.6
818.500     84.4     85.6
819.000     84.4     85.6
819.500     84.4     85.6
820.000     84.4     85.6
820.500     84.4     85.5
821.000     84.4     85.5
821.500     84.4     85.5
822.000     84.3     85.5
822.500     84.3     85.5
823.000     84.3     85.5
823.500     84.3     85.5
824.000     84.3     85.5
824.500     84.3     85.5
825.000     84.3     85.4
825.500     84.3     85.4
826.000     84.3     85.4
826.500     84.3     85.4
827.000     84.3     85.4
827.500     84.3     85.4
828.000     84.3     85.4
828.500     84.3     85.4
829.000     84.3     85.4
829.500     84.3     85.4
830.000     84.2     85.4
830.500     84.2     85.4
831.000     84.2     85.4
831.500     84.2     85.4
832.000     84.2     85.3
832.500     84.2     85.3
833.000     84.2     85.3
833.500     84.2     85.3
834.000     84.2     85.3
834.500     84.2     85.3
835.000     84.2     85.3
835.500     84.2     85.3
836.000     84.2     85.3
836.500     84.2     85.3
837.000     84.2     85.3
837.500     84.1     85.3
838.000     84.1     85.3
838.500     84.1     85.3
839.000     84.1     85.3
839.500     84.1     85.3
840.000     84.1     85.2
840.500     84.1     85.2
841.000     84.1     85.2
841.500     84.1     85.2
842.000     84.1     85.2
842.500     84.1     85.2
843.000     84.1     85.2
843.500     84.1     85.2
844.000     84.1     85.2
844.500     84.1     85.2
845.000     84.1     85.2
845.500     84.1     85.2
846.000     84.0     85.2
846.500     84.0     85.2
847.000     84.0     85.1
847.500     84.0     85.1
848.000     84.0     85.1
848.500     84.0     85.1
849.000     84.0     85.1
849.500     84.0     85.1
850.000     84.0     85.1
850.500     84.0     85.1
851.000     84.0     85.1
851.500     84.0     85.0
852.000     84.0     85.0
852.500     84.0     85.0
853.000     83.9     85.0
853.500     83.9     85.0
854.000     83.9     85.0
854.500     83.9     85.0
855.000     83.9     85.0
855.500     83.9     85.0
856.000     83.9     85.0
856.500     83.9     85.0
857.000     83.9     85.0
857.500     83.9     85.0
858.000     83.9     85.0
858.500     83.9     85.0
859.000     83.9     84.9
859.500     83.9     84.9
860.000     83.9     84.9
860.500     83.8     84.9
861.000     83.8     84.9
861.500     83.8     84.9
862.000     83.8     84.9
862.500     83.8     84.9
863.000     83.8     84.9
863.500     83.8     84.9
864.000     83.8     84.9
864.500     83.8     84.9
865.000     83.7     84.9
865.500     83.7     84.9
866.000     83.7     84.9
866.500     83.7     84.8
867.000     83.7     84.8
867.500     83.7     84.8
868.000     83.7     84.8
868.500     83.7     84.8
869.000     83.7     84.8
869.500     83.7     84.8
870.000     83.7     84.8
870.500     83.7     84.8
871.000     83.7     84.8
871.500     83.7     84.8
872.000     83.7     84.8
872.500     83.7     84.8
873.000     83.6     84.8
873.500     83.6     84.8
874.000     83.6     84.8
874.500     83.6     84.7
875.000     83.6     84.7
875.500     83.6     84.7
876.000     83.6     84.7
876.500     83.6     84.7
877.000     83.6     84.7
877.500     83.6     84.7
878.000     83.6     84.7
878.500     83.6     84.6
879.000     83.6     84.6
879.500     83.6     84.6
880.000     83.6     84.6
880.500     83.5     84.6
881.000     83.5     84.6
881.500     83.5     84.6
882.000     83.5     84.6
882.500     83.5     84.6
883.000     83.5     84.6
883.500     83.5     84.6
884.000     83.5     84.6
884.500     83.5     84.6
885.000     83.5     84.6
885.500     83.5     84.6
886.000     83.5     84.5
886.500     83.5     84.5
887.000     83.5     84.5
887.500     83.5     84.5
888.000     83.4     84.5
888.500     83.4     84.5
889.000     83.4     84.5
889.500     83.4     84.5
890.000     83.4     84.5
890.500     83.4     84.5
891.000     83.4     84.5
891.500     83.4     84.5
892.000     83.4     84.5
892.500     83.4     84.5
893.000     83.4     84.5
893.500     83.4     84.5
894.000     83.4     84.4
894.500     83.4     84.4
895.000     83.4     84.4
895.500     83.4     84.4
896.000     83.3     84.4
896.500     83.3     84.4
897.000     83.3     84.4
897.500     83.3     84.4
898.000     83.3     84.4
898.500     83.3     84.3
899.000     83.3     84.3
899.500     83.3     84.3
900.000     83.3     84.3
900.500     83.2     84.3
901.000     83.2     84.3
901.500     83.2     84.3
902.000     83.2     84.3
902.500     83.2     84.3
903.000     83.2     84.3
903.500     83.2     84.3
904.000     83.2     84.3
904.500     83.2     84.3
905.000     83.2     84.3
905.500     83.2     84.3
906.000     83.2     84.3
906.500     83.2     84.2
907.000     83.2     84.2
907.500     83.2     84.2
908.000     83.2     84.2
908.500     83.1     84.2
909.000     83.1     84.2
909.500     83.1     84.2
910.000     83.1     84.2
910.500     83.1     84.2
911.000     83.1     84.2
911.500     83.1     84.2
912.000     83.1     84.2
912.500     83.1     84.2
913.000     83.1     84.2
913.500     83.1     84.2
914.000     83.1     84.1
914.500     83.1     84.1
915.000     83.1     84.1
915.500     83.0     84.1
916.000     83.0     84.1
916.500     83.0     84.1
917.000     83.0     84.1
917.500     83.0     84.1
918.000     83.0     84.1
918.500     83.0     84.1
919.000     83.0     84.1
919.500     83.0     84.1
920.000     83.0     84.1
920.500     83.0     84.1
921.000     83.0     84.1
921.500     83.0     84.1
922.000     83.0     84.0
922.500     83.0     84.0
923.000     83.0     84.0
923.500     82.9     84.0
924.000     82.9     84.0
924.500     82.9     84.0
925.000     82.9     84.0
925.500     82.9     84.0
926.000     82.9     84.0
926.500     82.9     84.0
927.000     82.9     84.0
927.500     82.9     84.0
928.000     82.9     84.0
928.500     82.9     84.0
929.000     82.9     83.9
929.500     82.9     83.9
930.000     82.9     83.9
930.500     82.9     83.9
931.000     82.8     83.9
931.500     82.8     83.9
932.000     82.8     83.9
932.500     82.8     83.9
933.000     82.8     83.9
933.500     82.8     83.9
934.000     82.8     83.9
934.500     82.8     83.9
935.000     82.8     83.9
935.500     82.7     83.9
936.000     82.7     83.9
936.500     82.7     83.9
937.000     82.7     83.8
937.500     82.7     83.8
938.000     82.7     83.8
938.500     82.7     83.8
939.000     82.7     83.8
939.500     82.7     83.8
940.000     82.7     83.8
940.500     82.7     83.8
941.000     82.7     83.8
941.500     82.7     83.7
942.000     82.7     83.7
942.500     82.7     83.7
943.000     82.7     83.7
943.500     82.6     83.7
944.000     82.6     83.7
944.500     82.6     83.7
945.000     82.6     83.7
945.500     82.6     83.7
946.000     82.6     83.7
946.500     82.6     83.7
947.000     82.6     83.7
947.500     82.6     83.7
948.000     82.6     83.7
948.500     82.6     83.7
949.000     82.6     83.6
949.500     82.6     83.6
950.000     82.6     83.6
950.500     82.6     83.6
951.000     82.6     83.6
951.500     82.5     83.6
952.000     82.5     83.6
952.500     82.5     83.6
953.000     82.5     83.6
953.500     82.5     83.6
954.000     82.5     83.6
954.500     82.5     83.6
955.000     82.5     83.6
955.500     82.5     83.6
956.000     82.5     83.6
956.500     82.5     83.5
957.000     82.5     83.5
957.500     82.5     83.5
958.000     82.5     83.5
958.500     82.5     83.5
959.000     82.4     83.5
959.500     82.4     83.5
960.000     82.4     83.5
960.500     82.4     83.5
961.000     82.4     83.5
961.500     82.4     83.5
962.000     82.4     83.5
962.500     82.4     83.5
963.000     82.4     83.5
963.500     82.4     83.5
964.000     82.4     83.5
964.500     82.4     83.4
965.000     82.4     83.4
965.500     82.4     83.4
966.000     82.4     83.4
966.500     82.4     83.4
967.000     82.3     83.4
967.500     82.3     83.4
968.000     82.3     83.4
968.500     82.3     83.4
969.000     82.3     83.4
969.500     82.3     83.4
970.000     82.3     83.4
970.500     82.3     83.4
971.000     82.3     83.4
971.500     82.3     83.4
972.000     82.3     83.4
972.500     82.3     83.3
973.000     82.3     83.3
973.500     82.3     83.3
974.000     82.3     83.3
974.500     82.3     83.3
975.000     82.2     83.3
975.500     82.2     83.3
976.000     82.2     83.3
976.500     82.2     83.3
977.000     82.2     83.2
977.500     82.2     83.2
978.000     82.2     83.2
978.500     82.2     83.2
979.000     82.2     83.2
979.500     82.2     83.2
980.000     82.2     83.2
980.500     82.2     83.2
981.000     82.2     83.2
981.500     82.2     83.2
982.000     82.2     83.2
982.500     82.1     83.2
983.000     82.1     83.2
983.500     82.1     83.2
984.000     82.1     83.2
984.500     82.1     83.2
985.000     82.1     83.1
985.500     82.1     83.1
986.000     82.1     83.1
986.500     82.1     83.1
987.000     82.0     83.1
987.500     82.0     83.1
988.000     82.0     83.1
988.500     82.0     83.1
989.000     82.0     83.1
989.500     82.0     83.1
990.000     82.0     83.1
990.500     82.0     83.1
991.000     82.0     83.1
991.500     82.0     83.1
992.000     82.0     83.1
992.500     82.0     83.0
993.000     82.0     83.0
993.500     82.0     83.0
994.000     82.0     83.0
994.500     81.9     83.0
995.000     81.9     83.0
995.500     81.9     83.0
996.000     81.9     83.0
996.500     81.9     83.0
997.000     81.9     83.0
997.500     81.9     83.0
998.000     81.9     83.0
998.500     81.9     83.0
999.000     81.9     83.0
999.500     81.9     83.0
1000.000     81.9     82.9
1000.500     81.9     82.9
1001.000     81.9     82.9
1001.500     81.9     82.9
1002.000     81.9     82.9
1002.500     81.8     82.9
1003.000     81.8     82.9
1003.500     81.8     82.9
1004.000     81.8     82.9
1004.500     81.8     82.9
1005.000     81.8     82.9
1005.500     81.8     82.9
1006.000     81.8     82.9
1006.500     81.8     82.9
1007.000     81.8     82.9
1007.500     81.8     82.8
1008.000     81.8     82.8
1008.500     81.8     82.8
1009.000     81.8     82.8
1009.500     81.8     82.8
1010.000     81.7     82.8
1010.500     81.7     82.8
1011.000     81.7     82.8
1011.500     81.7     82.8
1012.000     81.7     82.7
1012.500     81.7     82.7
1013.000     81.7     82.7
1013.500     81.7     82.7
1014.000     81.7     82.7
1014.500     81.7     82.7
1015.000     81.7     82.7
1015.500     81.7     82.7
1016.000     81.7     82.7
1016.500     81.7     82.7
1017.000     81.7     82.7
1017.500     81.7     82.7
1018.000     81.6     82.7
1018.500     81.6     82.7
1019.000     81.6     82.7
1019.500     81.6     82.6
1020.000     81.6     82.6
1020.500     81.6     82.6
1021.000     81.6     82.6
1021.500     81.6     82.6
1022.000     81.6     82.6
1022.500     81.6     82.6
1023.000     81.6     82.6
1023.500     81.6     82.6
1024.000     81.6     82.6
1024.500     81.6     82.6
1025.000     81.6     82.6
1025.500     81.5     82.6
1026.000     81.5     82.6
1026.500     81.5     82.6
1027.000     81.5     82.6
1027.500     81.5     82.5
1028.000     81.5     82.5
1028.500     81.5     82.5
1029.000     81.5     82.5
1029.500     81.5     82.5
1030.000     81.5     82.5
1030.500     81.5     82.5
1031.000     81.5     82.5
1031.500     81.5     82.5
1032.000     81.5     82.5
1032.500     81.5     82.5
1033.000     81.5     82.5
1033.500     81.4     82.5
1034.000     81.4     82.5
1034.500     81.4     82.4
1035.000     81.4     82.4
1035.500     81.4     82.4
1036.000     81.4     82.4
1036.500     81.4     82.4
1037.000     81.4     82.4
1037.500     81.4     82.4
1038.000     81.4     82.4
1038.500     81.4     82.4
1039.000     81.4     82.4
1039.500     81.4     82.4
1040.000     81.4     82.4
1040.500     81.4     82.4
1041.000     81.3     82.4
1041.500     81.3     82.4
1042.000     81.3     82.4
1042.500     81.3     82.3
1043.000     81.3     82.3
1043.500     81.3     82.3
1044.000     81.3     82.3
1044.500     81.3     82.3
1045.000     81.3     82.3
1045.500     81.3     82.3
1046.000     81.3     82.3
1046.500     81.3     82.3
1047.000     81.3     82.3
1047.500     81.3     82.3
1048.000     81.3     82.3
1048.500     81.3     82.3
1049.000     81.2     82.3
1049.500     81.2     82.3
1050.000     81.2     82.3
1050.500     81.2     82.2
1051.000     81.2     82.2
1051.500     81.2     82.2
1052.000     81.2     82.2
1052.500     81.2     82.2
1053.000     81.2     82.2
1053.500     81.2     82.2
1054.000     81.2     82.2
1054.500     81.2     82.2
1055.000     81.2     82.2
1055.500     81.2     82.2
1056.000     81.2     82.2
1056.500     81.1     82.2
1057.000     81.1     82.2
1057.500     81.1     82.2
1058.000     81.1     82.1
1058.500     81.1     82.1
1059.000     81.1     82.1
1059.500     81.1     82.1
1060.000     81.1     82.1
1060.500     81.1     82.1
1061.000     81.1     82.1
1061.500     81.1     82.1
1062.000     81.1     82.1
1062.500     81.1     82.0
1063.000     81.1     82.0
1063.500     81.1     82.0
1064.000     81.1     82.0
1064.500     81.0     82.0
1065.000     81.0     82.0
1065.500     81.0     82.0
1066.000     81.0     82.0
1066.500     81.0     82.0
1067.000     81.0     82.0
1067.500     81.0     82.0
1068.000     81.0     82.0
1068.500     81.0     82.0
1069.000     81.0     82.0
1069.500     81.0     82.0
1070.000     81.0     81.9
1070.500     81.0     81.9
1071.000     81.0     81.9
1071.500     81.0     81.9
1072.000     80.9     81.9
1072.500     80.9     81.9
1073.000     80.9     81.9
1073.500     80.9     81.9
1074.000     80.9     81.9
1074.500     80.9     81.9
1075.000     80.9     81.9
1075.500     80.9     81.9
1076.000     80.9     81.9
1076.500     80.9     81.9
1077.000     80.9     81.9
1077.500     80.9     81.9
1078.000     80.9     81.8
1078.500     80.9     81.8
1079.000     80.9     81.8
1079.500     80.8     81.8
1080.000     80.8     81.8
1080.500     80.8     81.8
1081.000     80.8     81.8
1081.500     80.8     81.8
1082.000     80.8     81.8
1082.500     80.8     81.8
1083.000     80.8     81.8
1083.500     80.8     81.8
1084.000     80.8     81.8
1084.500     80.8     81.8
1085.000     80.8     81.8
1085.500     80.8     81.7
1086.000     80.8     81.7
1086.500     80.8     81.7
1087.000     80.7     81.7
1087.500     80.7     81.7
1088.000     80.7     81.7
1088.500     80.7     81.7
1089.000     80.7     81.7
1089.500     80.7     81.7
1090.000     80.7     81.7
1090.500     80.7     81.7
1091.000     80.7     81.7
1091.500     80.7     81.7
1092.000     80.7     81.7
1092.500     80.6     81.7
1093.000     80.6     81.7
1093.500     80.6     81.6
1094.000     80.6     81.6
1094.500     80.6     81.6
1095.000     80.6     81.6
1095.500     80.6     81.6
1096.000     80.6     81.6
1096.500     80.6     81.6
1097.000     80.6     81.6
1097.500     80.6     81.6
1098.000     80.6     81.6
1098.500     80.6     81.6
1099.000     80.6     81.6
1099.500     80.6     81.6
1100.000     80.5     81.6
1100.500     80.5     81.5
1101.000     80.5     81.5
1101.500     80.5     81.5
1102.000     80.5     81.5
1102.500     80.5     81.5
1103.000     80.5     81.5
1103.500     80.5     81.5
1104.000     80.5     81.5
1104.500     80.5     81.5
1105.000     80.5     81.5
1105.500     80.5     81.5
1106.000     80.5     81.5
1106.500     80.5     81.5
1107.000     80.5     81.5
1107.500     80.4     81.5
1108.000     80.4     81.5
1108.500     80.4     81.4
1109.000     80.4     81.4
1109.500     80.4     81.4
1110.000     80.4     81.4
1110.500     80.4     81.4
1111.000     80.4     81.4
1111.500     80.4     81.4
1112.000     80.4     81.4
1112.500     80.4     81.4
1113.000     80.4     81.4
1113.500     80.4     81.4
1114.000     80.4     81.4
1114.500     80.4     81.4
1115.000     80.4     81.4
1115.500     80.3     81.4
1116.000     80.3     81.3
1116.500     80.3     81.3
1117.000     80.3     81.3
1117.500     80.3     81.3
1118.000     80.3     81.3
1118.500     80.3     81.3
1119.000     80.3     81.3
1119.500     80.3     81.3
1120.000     80.3     81.3
1120.500     80.3     81.3
1121.000     80.3     81.3
1121.500     80.3     81.3
1122.000     80.3     81.3
1122.500     80.3     81.3
1123.000     80.3     81.3
1123.500     80.2     81.2
1124.000     80.2     81.2
1124.500     80.2     81.2
1125.000     80.2     81.2
1125.500     80.2     81.2
1126.000     80.2     81.2
1126.500     80.2     81.2
1127.000     80.2     81.2
1127.500     80.2     81.2
1128.000     80.2     81.2
1128.500     80.2     81.2
1129.000     80.2     81.2
1129.500     80.2     81.2
1130.000     80.2     81.2
1130.500     80.2     81.2
1131.000     80.2     81.2
1131.500     80.1     81.1
1132.000     80.1     81.1
1132.500     80.1     81.1
1133.000     80.1     81.1
1133.500     80.1     81.1
1134.000     80.1     81.1
1134.500     80.1     81.1
1135.000     80.1     81.1
1135.500     80.1     81.1
1136.000     80.1     81.1
1136.500     80.1     81.1
1137.000     80.1     81.1
1137.500     80.1     81.1
1138.000     80.1     81.1
1138.500     80.1     81.1
1139.000     80.0     81.0
1139.500     80.0     81.0
1140.000     80.0     81.0
1140.500     80.0     81.0
1141.000     80.0     81.0
1141.500     80.0     81.0
1142.000     80.0     81.0
1142.500     80.0     81.0
1143.000     80.0     81.0
1143.500     80.0     81.0
1144.000     80.0     81.0
1144.500     80.0     81.0
1145.000     80.0     81.0
1145.500     80.0     81.0
1146.000     80.0     81.0
1146.500     80.0     80.9
1147.000     79.9     80.9
1147.500     79.9     80.9
1148.000     79.9     80.9
1148.500     79.9     80.9
1149.000     79.9     80.9
1149.500     79.9     80.9
1150.000     79.9     80.9
1150.500     79.9     80.9
1151.000     79.9     80.9
1151.500     79.9     80.9
1152.000     79.9     80.9
1152.500     79.9     80.9
1153.000     79.9     80.9
1153.500     79.9     80.9
1154.000     79.9     80.9
1154.500     79.8     80.8
1155.000     79.8     80.8
1155.500     79.8     80.8
1156.000     79.8     80.8
1156.500     79.8     80.8
1157.000     79.8     80.8
1157.500     79.8     80.8
1158.000     79.8     80.8
1158.500     79.8     80.8
1159.000     79.8     80.8
1159.500     79.8     80.8
1160.000     79.8     80.8
1160.500     79.8     80.8
1161.000     79.8     80.8
1161.500     79.8     80.8
1162.000     79.8     80.7
1162.500     79.7     80.7
1163.000     79.7     80.7
1163.500     79.7     80.7
1164.000     79.7     80.7
1164.500     79.7     80.7
1165.000     79.7     80.7
1165.500     79.7     80.7
1166.000     79.7     80.7
1166.500     79.7     80.7
1167.000     79.7     80.6
1167.500     79.7     80.6
1168.000     79.7     80.6
1168.500     79.7     80.6
1169.000     79.7     80.6
1169.500     79.7     80.6
1170.000     79.6     80.6
1170.500     79.6     80.6
1171.000     79.6     80.6
1171.500     79.6     80.6
1172.000     79.6     80.6
1172.500     79.6     80.6
1173.000     79.6     80.6
1173.500     79.6     80.6
1174.000     79.6     80.6
1174.500     79.6     80.6
1175.000     79.6     80.5
1175.500     79.6     80.5
1176.000     79.6     80.5
1176.500     79.6     80.5
1177.000     79.6     80.5
1177.500     79.6     80.5
1178.000     79.5     80.5
1178.500     79.5     80.5
1179.000     79.5     80.5
1179.500     79.5     80.5
1180.000     79.5     80.5
1180.500     79.5     80.5
1181.000     79.5     80.5
1181.500     79.5     80.5
1182.000     79.5     80.5
1182.500     79.5     80.4
1183.000     79.5     80.4
1183.500     79.5     80.4
1184.000     79.5     80.4
1184.500     79.5     80.4
1185.000     79.5     80.4
1185.500     79.4     80.4
1186.000     79.4     80.4
1186.500     79.4     80.4
1187.000     79.4     80.4
1187.500     79.4     80.4
1188.000     79.4     80.4
1188.500     79.4     80.4
1189.000     79.4     80.4
1189.500     79.4     80.4
1190.000     79.4     80.4
1190.500     79.4     80.3
1191.000     79.4     80.3
1191.500     79.4     80.3
1192.000     79.4     80.3
1192.500     79.4     80.3
1193.000     79.4     80.3
1193.500     79.3     80.3
1194.000     79.3     80.3
1194.500     79.3     80.3
1195.000     79.3     80.3
1195.500     79.3     80.3
1196.000     79.3     80.3
1196.500     79.3     80.3
1197.000     79.3     80.3
1197.500     79.3     80.3
1198.000     79.3     80.3
1198.500     79.3     80.2
1199.000     79.3     80.2
1199.500     79.3     80.2
1200.000     79.3     80.2
1200.500     79.3     80.2
1201.000     79.3     80.2
1201.500     79.2     80.2
1202.000     79.2     80.2
1202.500     79.2     80.2
1203.000     79.2     80.2
1203.500     79.2     80.2
1204.000     79.2     80.2
1204.500     79.2     80.2
1205.000     79.2     80.2
1205.500     79.2     80.2
1206.000     79.2     80.1
1206.500     79.2     80.1
1207.000     79.2     80.1
1207.500     79.2     80.1
1208.000     79.2     80.1
1208.500     79.2     80.1
1209.000     79.1     80.1
1209.500     79.1     80.1
1210.000     79.1     80.1
1210.500     79.1     80.1
1211.000     79.1     80.1
1211.500     79.1     80.1
1212.000     79.1     80.1
1212.500     79.1     80.1
1213.000     79.1     80.1
1213.500     79.1     80.0
1214.000     79.1     80.0
1214.500     79.1     80.0
1215.000     79.1     80.0
1215.500     79.1     80.0
1216.000     79.1     80.0
1216.500     79.0     80.0
1217.000     79.0     80.0
1217.500     79.0     80.0
1218.000     79.0     80.0
1218.500     79.0     80.0
1219.000     79.0     80.0
1219.500     79.0     80.0
1220.000     79.0     80.0
1220.500     79.0     80.0
1221.000     79.0     80.0
1221.500     79.0     79.9
1222.000     79.0     79.9
1222.500     79.0     79.9
1223.000     79.0     79.9
1223.500     79.0     79.9
1224.000     79.0     79.9
1224.500     78.9     79.9
1225.000     78.9     79.9
1225.500     78.9     79.9
1226.000     78.9     79.9
1226.500     78.9     79.9
1227.000     78.9     79.9
1227.500     78.9     79.9
1228.000     78.9     79.9
1228.500     78.9     79.9
1229.000     78.9     79.8
1229.500     78.9     79.8
1230.000     78.9     79.8
1230.500     78.9     79.8
1231.000     78.9     79.8
1231.500     78.9     79.8
1232.000     78.8     79.8
1232.500     78.8     79.8
1233.000     78.8     79.8
1233.500     78.8     79.8
1234.000     78.8     79.8
1234.500     78.8     79.8
1235.000     78.8     79.8
1235.500     78.8     79.8
1236.000     78.8     79.8
1236.500     78.8     79.7
1237.000     78.8     79.7
1237.500     78.8     79.7
1238.000     78.8     79.7
1238.500     78.8     79.7
1239.000     78.8     79.7
1239.500     78.8     79.7
1240.000     78.7     79.7
1240.500     78.7     79.7
1241.000     78.7     79.7
1241.500     78.7     79.7
1242.000     78.7     79.7
1242.500     78.7     79.7
1243.000     78.7     79.7
1243.500     78.7     79.7
1244.000     78.7     79.6
1244.500     78.7     79.6
1245.000     78.7     79.6
1245.500     78.7     79.6
1246.000     78.7     79.6
1246.500     78.7     79.6
1247.000     78.7     79.6
1247.500     78.6     79.6
1248.000     78.6     79.6
1248.500     78.6     79.6
1249.000     78.6     79.6
1249.500     78.6     79.6
1250.000     78.6     79.6
1250.500     78.6     79.6
1251.000     78.6     79.6
1251.500     78.6     79.5
1252.000     78.6     79.5
1252.500     78.6     79.5
1253.000     78.6     79.5
1253.500     78.6     79.5
1254.000     78.6     79.5
1254.500     78.6     79.5
1255.000     78.5     79.5
1255.500     78.5     79.5
1256.000     78.5     79.5
1256.500     78.5     79.5
1257.000     78.5     79.5
1257.500     78.5     79.5
1258.000     78.5     79.5
1258.500     78.5     79.5
1259.000     78.5     79.4
1259.500     78.5     79.4
1260.000     78.5     79.4
1260.500     78.5     79.4
1261.000     78.5     79.4
1261.500     78.5     79.4
1262.000     78.5     79.4
1262.500     78.5     79.4
1263.000     78.5     79.4
1263.500     78.5     79.4
1264.000     78.5     79.4
1264.500     78.5     79.4
1265.000     78.5     79.4
1265.500     78.5     79.4
1266.000     78.4     79.4
1266.500     78.4     79.3
1267.000     78.4     79.3
1267.500     78.4     79.3
1268.000     78.4     79.3
1268.500     78.4     79.3
1269.000     78.4     79.3
1269.500     78.4     79.3
1270.000     78.4     79.3
1270.500     78.4     79.3
1271.000     78.3     79.3
1271.500     78.3     79.3
1272.000     78.3     79.3
1272.500     78.3     79.3
1273.000     78.3     79.3
1273.500     78.3     79.3
1274.000     78.3     79.3
1274.500     78.3     79.2
1275.000     78.3     79.2
1275.500     78.3     79.2
1276.000     78.3     79.2
1276.500     78.3     79.2
1277.000     78.3     79.2
1277.500     78.3     79.2
1278.000     78.3     79.2
1278.500     78.2     79.2
1279.000     78.2     79.2
1279.500     78.2     79.2
1280.000     78.2     79.2
1280.500     78.2     79.2
1281.000     78.2     79.2
1281.500     78.2     79.2
1282.000     78.2     79.2
1282.500     78.2     79.1
1283.000     78.2     79.1
1283.500     78.2     79.1
1284.000     78.2     79.1
1284.500     78.2     79.1
1285.000     78.2     79.1
1285.500     78.2     79.1
1286.000     78.2     79.1
1286.500     78.2     79.1
1287.000     78.2     79.1
1287.500     78.2     79.1
1288.000     78.2     79.1
1288.500     78.2     79.1
1289.000     78.2     79.1
1289.500     78.1     79.1
1290.000     78.1     79.0
1290.500     78.1     79.0
1291.000     78.1     79.0
1291.500     78.1     79.0
1292.000     78.1     79.0
1292.500     78.1     79.0
1293.000     78.1     79.0
1293.500     78.1     79.0
1294.000     78.1     79.0
1294.500     78.1     79.0
1295.000     78.1     79.0
1295.500     78.1     79.0
1296.000     78.1     79.0
1296.500     78.1     79.0
1297.000     78.1     79.0
1297.500     78.0     78.9
1298.000     78.0     78.9
1298.500     78.0     78.9
1299.000     78.0     78.9
1299.500     78.0     78.9
1300.000     78.0     78.9
1300.500     78.0     78.9
1301.000     78.0     78.9
1301.500     78.0     78.9
1302.000     78.0     78.9
1302.500     78.0     78.9
1303.000     78.0     78.9
1303.500     78.0     78.9
1304.000     78.0     78.9
1304.500     78.0     78.9
1305.000     77.9     78.8
1305.500     77.9     78.8
1306.000     77.9     78.8
1306.500     77.9     78.8
1307.000     77.9     78.8
1307.500     77.9     78.8
1308.000     77.9     78.8
1308.500     77.9     78.8
1309.000     77.9     78.8
1309.500     77.9     78.8
1310.000     77.9     78.8
1310.500     77.9     78.8
1311.000     77.9     78.8
1311.500     77.9     78.8
1312.000     77.9     78.8
1312.500     77.9     78.8
1313.000     77.8     78.7
1313.500     77.8     78.7
1314.000     77.8     78.7
1314.500     77.8     78.7
1315.000     77.8     78.7
1315.500     77.8     78.7
1316.000     77.8     78.7
1316.500     77.8     78.7
1317.000     77.8     78.7
1317.500     77.8     78.7
1318.000     77.8     78.7
1318.500     77.8     78.7
1319.000     77.8     78.7
1319.500     77.8     78.7
1320.000     77.8     78.7
1320.500     77.7     78.6
1321.000     77.7     78.6
1321.500     77.7     78.6
1322.000     77.7     78.6
1322.500     77.7     78.6
1323.000     77.7     78.6
1323.500     77.7     78.6
1324.000     77.7     78.6
1324.500     77.7     78.6
1325.000     77.7     78.6
1325.500     77.7     78.6
1326.000     77.7     78.6
1326.500     77.7     78.6
1327.000     77.7     78.6
1327.500     77.7     78.6
1328.000     77.7     78.5
1328.500     77.7     78.5
1329.000     77.6     78.5
1329.500     77.6     78.5
1330.000     77.6     78.5
1330.500     77.6     78.5
1331.000     77.6     78.5
1331.500     77.6     78.5
1332.000     77.6     78.5
1332.500     77.6     78.5
1333.000     77.6     78.5
1333.500     77.6     78.5
1334.000     77.6     78.5
1334.500     77.6     78.5
1335.000     77.6     78.5
1335.500     77.6     78.5
1336.000     77.5     78.5
1336.500     77.5     78.5
1337.000     77.5     78.5
1337.500     77.5     78.5
1338.000     77.5     78.5
1338.500     77.5     78.4
1339.000     77.5     78.4
1339.500     77.5     78.4
1340.000     77.5     78.4
1340.500     77.5     78.4
1341.000     77.5     78.4
1341.500     77.5     78.4
1342.000     77.5     78.4
1342.500     77.5     78.4
1343.000     77.5     78.4
1343.500     77.5     78.3
1344.000     77.4     78.3
1344.500     77.4     78.3
1345.000     77.4     78.3
1345.500     77.4     78.3
1346.000     77.4     78.3
1346.500     77.4     78.3
1347.000     77.4     78.3
1347.500     77.4     78.3
1348.000     77.4     78.3
1348.500     77.4     78.3
1349.000     77.4     78.3
1349.500     77.4     78.3
1350.000     77.4     78.3
1350.500     77.4     78.3
1351.000     77.4     78.2
1351.500     77.3     78.2
1352.000     77.3     78.2
1352.500     77.3     78.2
1353.000     77.3     78.2
1353.500     77.3     78.2
1354.000     77.3     78.2
1354.500     77.3     78.2
1355.000     77.3     78.2
1355.500     77.3     78.2
1356.000     77.3     78.2
1356.500     77.3     78.2
1357.000     77.3     78.2
1357.500     77.3     78.2
1358.000     77.3     78.2
1358.500     77.3     78.2
1359.000     77.3     78.2
1359.500     77.3     78.2
1360.000     77.3     78.2
1360.500     77.3     78.2
1361.000     77.3     78.2
1361.500     77.3     78.1
1362.000     77.3     78.1
1362.500     77.2     78.1
1363.000     77.2     78.1
1363.500     77.2     78.1
1364.000     77.2     78.1
1364.500     77.2     78.1
1365.000     77.2     78.1
1365.500     77.2     78.1
1366.000     77.2     78.1
1366.500     77.2     78.1
1367.000     77.2     78.1
1367.500     77.2     78.1
1368.000     77.2     78.1
1368.500     77.2     78.1
1369.000     77.2     78.0
1369.500     77.2     78.0
1370.000     77.1     78.0
1370.500     77.1     78.0
1371.000     77.1     78.0
1371.500     77.1     78.0
1372.000     77.1     78.0
1372.500     77.1     78.0
1373.000     77.1     78.0
1373.500     77.1     78.0
1374.000     77.1     78.0
1374.500     77.1     78.0
1375.000     77.1     78.0
1375.500     77.1     78.0
1376.000     77.1     78.0
1376.500     77.1     77.9
1377.000     77.1     77.9
1377.500     77.1     77.9
1378.000     77.1     77.9
1378.500     77.0     77.9
1379.000     77.0     77.9
1379.500     77.0     77.9
1380.000     77.0     77.9
1380.500     77.0     77.9
1381.000     77.0     77.9
1381.500     77.0     77.9
1382.000     77.0     77.9
1382.500     77.0     77.9
1383.000     77.0     77.9
1383.500     77.0     77.9
1384.000     77.0     77.9
1384.500     77.0     77.8
1385.000     77.0     77.8
1385.500     76.9     77.8
1386.000     76.9     77.8
1386.500     76.9     77.8
1387.000     76.9     77.8
1387.500     76.9     77.8
1388.000     76.9     77.8
1388.500     76.9     77.8
1389.000     76.9     77.8
1389.500     76.9     77.8
1390.000     76.9     77.8
1390.500     76.9     77.8
1391.000     76.9     77.8
1391.500     76.9     77.8
1392.000     76.9     77.8
1392.500     76.9     77.7
1393.000     76.9     77.7
1393.500     76.8     77.7
1394.000     76.8     77.7
1394.500     76.8     77.7
1395.000     76.8     77.7
1395.500     76.8     77.7
1396.000     76.8     77.7
1396.500     76.8     77.7
1397.000     76.8     77.7
1397.500     76.8     77.7
1398.000     76.8     77.7
1398.500     76.8     77.7
1399.000     76.8     77.7
1399.500     76.8     77.7
1400.000     76.8     77.6
1400.500     76.8     77.6
1401.000     76.7     77.6
1401.500     76.7     77.6
1402.000     76.7     77.6
1402.500     76.7     77.6
1403.000     76.7     77.6
1403.500     76.7     77.6
1404.000     76.7     77.6
1404.500     76.7     77.6
1405.000     76.7     77.6
1405.500     76.7     77.6
1406.000     76.7     77.6
1406.500     76.7     77.6
1407.000     76.7     77.6
1407.500     76.7     77.5
1408.000     76.7     77.5
1408.500     76.6     77.5
1409.000     76.6     77.5
1409.500     76.6     77.5
1410.000     76.6     77.5
1410.500     76.6     77.5
1411.000     76.6     77.5
1411.500     76.6     77.5
1412.000     76.6     77.5
1412.500     76.6     77.5
1413.000     76.6     77.5
1413.500     76.6     77.5
1414.000     76.6     77.5
1414.500     76.6     77.5
1415.000     76.6     77.5
1415.500     76.6     77.5
1416.000     76.6     77.4
1416.500     76.6     77.4
1417.000     76.6     77.4
1417.500     76.6     77.4
1418.000     76.6     77.4
1418.500     76.6     77.4
1419.000     76.6     77.4
1419.500     76.5     77.4
1420.000     76.5     77.4
1420.500     76.5     77.4
1421.000     76.5     77.4
1421.500     76.5     77.4
1422.000     76.5     77.4
1422.500     76.5     77.4
1423.000     76.5     77.4
1423.500     76.5     77.3
1424.000     76.4     77.3
1424.500     76.4     77.3
1425.000     76.4     77.3
1425.500     76.4     77.3
1426.000     76.4     77.3
1426.500     76.4     77.3
1427.000     76.4     77.3
1427.500     76.4     77.3
1428.000     76.4     77.3
1428.500     76.4     77.3
1429.000     76.4     77.3
1429.500     76.4     77.3
1430.000     76.4     77.3
1430.500     76.4     77.3
1431.000     76.4     77.3
1431.500     76.4     77.3
1432.000     76.4     77.3
1432.500     76.4     77.3
1433.000     76.4     77.3
1433.500     76.4     77.3
1434.000     76.4     77.2
1434.500     76.4     77.2
1435.000     76.3     77.2
1435.500     76.3     77.2
1436.000     76.3     77.2
1436.500     76.3     77.2
1437.000     76.3     77.2
1437.500     76.3     77.2
1438.000     76.3     77.2
1438.500     76.3     77.2
1439.000     76.3     77.2
1439.500     76.3     77.2
1440.000     76.3     77.2
1440.500     76.3     77.2
1441.000     76.3     77.2
1441.500     76.3     77.1
1442.000     76.3     77.1
1442.500     76.3     77.1
1443.000     76.2     77.1
1443.500     76.2     77.1
1444.000     76.2     77.1
1444.500     76.2     77.1
1445.000     76.2     77.1
1445.500     76.2     77.1
1446.000     76.2     77.1
1446.500     76.2     77.1
1447.000     76.2     77.1
1447.500     76.2     77.1
1448.000     76.2     77.1
1448.500     76.2     77.1
1449.000     76.2     77.1
1449.500     76.2     77.0
1450.000     76.2     77.0
1450.500     76.1     77.0
1451.000     76.1     77.0
1451.500     76.1     77.0
1452.000     76.1     77.0
1452.500     76.1     77.0
1453.000     76.1     77.0
1453.500     76.1     77.0
1454.000     76.1     77.0
1454.500     76.1     77.0
1455.000     76.1     77.0
1455.500     76.1     77.0
1456.000     76.1     77.0
1456.500     76.1     77.0
1457.000     76.1     76.9
1457.500     76.1     76.9
1458.000     76.1     76.9
1458.500     76.0     76.9
1459.000     76.0     76.9
1459.500     76.0     76.9
1460.000     76.0     76.9
1460.500     76.0     76.9
1461.000     76.0     76.9
1461.500     76.0     76.9
1462.000     76.0     76.9
1462.500     76.0     76.9
1463.000     76.0     76.9
1463.500     76.0     76.9
1464.000     76.0     76.9
1464.500     76.0     76.9
1465.000     76.0     76.8
1465.500     76.0     76.8
1466.000     76.0     76.8
1466.500     76.0     76.8
1467.000     76.0     76.8
1467.500     76.0     76.8
1468.000     76.0     76.8
1468.500     76.0     76.8
1469.000     75.9     76.8
1469.500     75.9     76.8
1470.000     75.9     76.8
1470.500     75.9     76.8
1471.000     75.9     76.8
1471.500     75.9     76.8
1472.000     75.9     76.8
1472.500     75.9     76.7
1473.000     75.9     76.7
1473.500     75.9     76.7
1474.000     75.8     76.7
1474.500     75.8     76.7
1475.000     75.8     76.7
1475.500     75.8     76.7
1476.000     75.8     76.7
1476.500     75.8     76.7
1477.000     75.8     76.7
1477.500     75.8     76.7
1478.000     75.8     76.7
1478.500     75.8     76.7
1479.000     75.8     76.7
1479.500     75.8     76.7
1480.000     75.8     76.7
1480.500     75.8     76.6
1481.000     75.8     76.6
1481.500     75.8     76.6
1482.000     75.8     76.6
1482.500     75.8     76.6
1483.000     75.8     76.6
1483.500     75.8     76.6
1484.000     75.8     76.6
1484.500     75.7     76.6
1485.000     75.7     76.6
1485.500     75.7     76.6
1486.000     75.7     76.6
1486.500     75.7     76.6
1487.000     75.7     76.6
1487.500     75.7     76.6
1488.000     75.7     76.6
1488.500     75.7     76.6
1489.000     75.7     76.6
1489.500     75.7     76.6
1490.000     75.7     76.6
1490.500     75.7     76.6
1491.000     75.7     76.5
1491.500     75.7     76.5
1492.000     75.7     76.5
1492.500     75.6     76.5
1493.000     75.6     76.5
1493.500     75.6     76.5
1494.000     75.6     76.5
1494.500     75.6     76.5
1495.000     75.6     76.5
1495.500     75.6     76.5
1496.000     75.6     76.4
1496.500     75.6     76.4
1497.000     75.6     76.4
1497.500     75.6     76.4
1498.000     75.6     76.4
1498.500     75.6     76.4
1499.000     75.6     76.4
1499.500     75.6     76.4
1500.000     75.5     76.4
1500.500     75.5     76.4
1501.000     75.5     76.4
1501.500     75.5     76.4
1502.000     75.5     76.4
1502.500     75.5     76.4
1503.000     75.5     76.4
1503.500     75.5     76.4
1504.000     75.5     76.4
1504.500     75.5     76.4
1505.000     75.5     76.4
1505.500     75.5     76.4
1506.000     75.5     76.4
1506.500     75.5     76.3
1507.000     75.5     76.3
1507.500     75.5     76.3
1508.000     75.5     76.3
1508.500     75.5     76.3
1509.000     75.5     76.3
1509.500     75.5     76.3
1510.000     75.5     76.3
1510.500     75.4     76.3
1511.000     75.4     76.3
1511.500     75.4     76.3
1512.000     75.4     76.3
1512.500     75.4     76.3
1513.000     75.4     76.3
1513.500     75.4     76.3
1514.000     75.4     76.2
1514.500     75.4     76.2
1515.000     75.4     76.2
1515.500     75.4     76.2
1516.000     75.4     76.2
1516.500     75.4     76.2
1517.000     75.4     76.2
1517.500     75.4     76.2
1518.000     75.4     76.2
1518.500     75.3     76.2
1519.000     75.3     76.2
1519.500     75.3     76.2
1520.000     75.3     76.2
1520.500     75.3     76.2
1521.000     75.3     76.2
1521.500     75.3     76.1
1522.000     75.3     76.1
1522.500     75.3     76.1
1523.000     75.3     76.1
1523.500     75.3     76.1
1524.000     75.3     76.1
1524.500     75.3     76.1
1525.000     75.3     76.1
1525.500     75.2     76.1
1526.000     75.2     76.1
1526.500     75.2     76.1
1527.000     75.2     76.1
1527.500     75.2     76.1
1528.000     75.2     76.1
1528.500     75.2     76.1
1529.000     75.2     76.1
1529.500     75.2     76.0
1530.000     75.2     76.0
1530.500     75.2     76.0
1531.000     75.2     76.0
1531.500     75.2     76.0
1532.000     75.2     76.0
1532.500     75.2     76.0
1533.000     75.2     76.0
1533.500     75.1     76.0
1534.000     75.1     76.0
1534.500     75.1     76.0
1535.000     75.1     76.0
1535.500     75.1     76.0
1536.000     75.1     76.0
1536.500     75.1     76.0
1537.000     75.1     76.0
1537.500     75.1     76.0
1538.000     75.1     76.0
1538.500     75.1     76.0
1539.000     75.1     76.0
1539.500     75.1     76.0
1540.000     75.1     75.9
1540.500     75.1     75.9
1541.000     75.0     75.9
1541.500     75.0     75.9
1542.000     75.0     75.9
1542.500     75.0     75.9
1543.000     75.0     75.9
1543.500     75.0     75.9
1544.000     75.0     75.9
1544.500     75.0     75.8
1545.000     75.0     75.8
1545.500     75.0     75.8
1546.000     75.0     75.8
1546.500     75.0     75.8
1547.000     75.0     75.8
1547.500     75.0     75.8
1548.000     75.0     75.8
1548.500     75.0     75.8
1549.000     75.0     75.8
1549.500     75.0     75.8
1550.000     75.0     75.8
1550.500     75.0     75.8
1551.000     75.0     75.8
1551.500     74.9     75.8
1552.000     74.9     75.8
1552.500     74.9     75.8
1553.000     74.9     75.8
1553.500     74.9     75.8
1554.000     74.9     75.8
1554.500     74.9     75.8
1555.000     74.9     75.7
1555.500     74.9     75.7
1556.000     74.9     75.7
1556.500     74.9     75.7
1557.000     74.9     75.7
1557.500     74.9     75.7
1558.000     74.9     75.7
1558.500     74.9     75.7
1559.000     74.9     75.7
1559.500     74.8     75.7
1560.000     74.8     75.7
1560.500     74.8     75.7
1561.000     74.8     75.7
1561.500     74.8     75.7
1562.000     74.8     75.7
1562.500     74.8     75.7
1563.000     74.8     75.6
1563.500     74.8     75.6
1564.000     74.8     75.6
1564.500     74.8     75.6
1565.000     74.8     75.6
1565.500     74.8     75.6
1566.000     74.8     75.6
1566.500     74.8     75.6
1567.000     74.8     75.6
1567.500     74.7     75.6
1568.000     74.7     75.6
1568.500     74.7     75.6
1569.000     74.7     75.6
1569.500     74.7     75.6
1570.000     74.7     75.6
1570.500     74.7     75.6
1571.000     74.7     75.5
1571.500     74.7     75.5
1572.000     74.7     75.5
1572.500     74.7     75.5
1573.000     74.7     75.5
1573.500     74.7     75.5
1574.000     74.7     75.5
1574.500     74.7     75.5
1575.000     74.7     75.5
1575.500     74.7     75.5
1576.000     74.7     75.5
1576.500     74.7     75.5
1577.000     74.7     75.5
1577.500     74.7     75.5
1578.000     74.6     75.5
1578.500     74.6     75.5
1579.000     74.6     75.5
1579.500     74.6     75.5
1580.000     74.6     75.5
1580.500     74.6     75.5
1581.000     74.6     75.5
1581.500     74.6     75.5
1582.000     74.6     75.4
1582.500     74.6     75.4
1583.000     74.6     75.4
1583.500     74.6     75.4
1584.000     74.6     75.4
1584.500     74.6     75.4
1585.000     74.6     75.4
1585.500     74.6     75.4
1586.000     74.6     75.4
1586.500     74.5     75.4
1587.000     74.5     75.4
1587.500     74.5     75.4
1588.000     74.5     75.4
1588.500     74.5     75.4
1589.000     74.5     75.4
1589.500     74.5     75.3
1590.000     74.5     75.3
1590.500     74.5     75.3
1591.000     74.5     75.3
1591.500     74.5     75.3
1592.000     74.5     75.3
1592.500     74.5     75.3
1593.000     74.5     75.3
1593.500     74.5     75.3
1594.000     74.5     75.3
1594.500     74.4     75.3
1595.000     74.4     75.3
1595.500     74.4     75.3
1596.000     74.4     75.3
1596.500     74.4     75.3
1597.000     74.4     75.2
1597.500     74.4     75.2
1598.000     74.4     75.2
1598.500     74.4     75.2
1599.000     74.4     75.2
1599.500     74.4     75.2
1600.000     74.4     75.2
1600.500     74.4     75.2
1601.000     74.4     75.2
1601.500     74.4     75.2
1602.000     74.4     75.2
1602.500     74.3     75.2
1603.000     74.3     75.2
1603.500     74.3     75.2
1604.000     74.3     75.2
1604.500     74.3     75.2
1605.000     74.3     75.1
1605.500     74.3     75.1
1606.000     74.3     75.1
1606.500     74.3     75.1
1607.000     74.3     75.1
1607.500     74.3     75.1
1608.000     74.3     75.1
1608.500     74.3     75.1
1609.000     74.3     75.1
1609.500     74.3     75.1
1610.000     74.3     75.1
1610.500     74.3     75.1
1611.000     74.3     75.1
1611.500     74.3     75.1
1612.000     74.3     75.1
1612.500     74.2     75.0
1613.000     74.2     75.0
1613.500     74.2     75.0
1614.000     74.2     75.0
1614.500     74.2     75.0
1615.000     74.2     75.0
1615.500     74.2     75.0
1616.000     74.2     75.0
1616.500     74.2     75.0
1617.000     74.2     75.0
1617.500     74.2     75.0
1618.000     74.2     75.0
1618.500     74.2     75.0
1619.000     74.2     75.0
1619.500     74.2     75.0
1620.000     74.2     75.0
1620.500     74.1     75.0
1621.000     74.1     75.0
1621.500     74.1     75.0
1622.000     74.1     75.0
1622.500     74.1     75.0
1623.000     74.1     74.9
1623.500     74.1     74.9
1624.000     74.1     74.9
1624.500     74.1     74.9
1625.000     74.1     74.9
1625.500     74.1     74.9
1626.000     74.1     74.9
1626.500     74.1     74.9
1627.000     74.1     74.9
1627.500     74.1     74.9
1628.000     74.1     74.9
1628.500     74.0     74.9
1629.000     74.0     74.9
1629.500     74.0     74.9
1630.000     74.0     74.9
1630.500     74.0     74.9
1631.000     74.0     74.8
1631.500     74.0     74.8
1632.000     74.0     74.8
1632.500     74.0     74.8
1633.000     74.0     74.8
1633.500     74.0     74.8
1634.000     74.0     74.8
1634.500     74.0     74.8
1635.000     74.0     74.8
1635.500     74.0     74.8
1636.000     74.0     74.8
1636.500     73.9     74.8
1637.000     73.9     74.8
1637.500     73.9     74.8
1638.000     73.9     74.8
1638.500     73.9     74.8
1639.000     73.9     74.7
1639.500     73.9     74.7
1640.000     73.9     74.7
1640.500     73.9     74.7
1641.000     73.9     74.7
1641.500     73.9     74.7
1642.000     73.9     74.7
1642.500     73.9     74.7
1643.000     73.9     74.7
1643.500     73.9     74.7
1644.000     73.9     74.7
1644.500     73.9     74.7
1645.000     73.9     74.7
1645.500     73.9     74.7
1646.000     73.9     74.7
1646.500     73.9     74.7
1647.000     73.9     74.7
1647.500     73.8     74.7
1648.000     73.8     74.7
1648.500     73.8     74.7
1649.000     73.8     74.6
1649.500     73.8     74.6
1650.000     73.8     74.6
1650.500     73.8     74.6
1651.000     73.8     74.6
1651.500     73.8     74.6
1652.000     73.8     74.6
1652.500     73.8     74.6
1653.000     73.8     74.6
1653.500     73.8     74.6
1654.000     73.8     74.6
1654.500     73.8     74.6
1655.000     73.8     74.6
1655.500     73.8     74.6
1656.000     73.7     74.6
1656.500     73.7     74.6
1657.000     73.7     74.6
1657.500     73.7     74.5
1658.000     73.7     74.5
1658.500     73.7     74.5
1659.000     73.7     74.5
1659.500     73.7     74.5
1660.000     73.7     74.5
1660.500     73.7     74.5
1661.000     73.7     74.5
1661.500     73.7     74.5
1662.000     73.7     74.5
1662.500     73.7     74.5
1663.000     73.7     74.5
1663.500     73.7     74.5
1664.000     73.7     74.5
1664.500     73.7     74.5
1665.000     73.7     74.5
1665.500     73.7     74.4
1666.000     73.7     74.4
1666.500     73.6     74.4
1667.000     73.6     74.4
1667.500     73.6     74.4
1668.000     73.6     74.4
1668.500     73.6     74.4
1669.000     73.6     74.4
1669.500     73.6     74.4
1670.000     73.6     74.4
1670.500     73.6     74.4
1671.000     73.6     74.4
1671.500     73.6     74.4
1672.000     73.6     74.4
1672.500     73.6     74.4
1673.000     73.6     74.4
1673.500     73.6     74.3
1674.000     73.6     74.3
1674.500     73.5     74.3
1675.000     73.5     74.3
1675.500     73.5     74.3
1676.000     73.5     74.3
1676.500     73.5     74.3
1677.000     73.5     74.3
1677.500     73.5     74.3
1678.000     73.5     74.3
1678.500     73.5     74.3
1679.000     73.5     74.3
1679.500     73.5     74.3
1680.000     73.5     74.3
1680.500     73.5     74.3
1681.000     73.5     74.3
1681.500     73.5     74.3
1682.000     73.5     74.3
1682.500     73.5     74.3
1683.000     73.4     74.3
1683.500     73.4     74.2
1684.000     73.4     74.2
1684.500     73.4     74.2
1685.000     73.4     74.2
1685.500     73.4     74.2
1686.000     73.4     74.2
1686.500     73.4     74.2
1687.000     73.4     74.2
1687.500     73.4     74.2
1688.000     73.4     74.2
1688.500     73.4     74.2
1689.000     73.4     74.2
1689.500     73.4     74.2
1690.000     73.4     74.2
1690.500     73.4     74.2
1691.000     73.3     74.2
1691.500     73.3     74.2
1692.000     73.3     74.1
1692.500     73.3     74.1
1693.000     73.3     74.1
1693.500     73.3     74.1
1694.000     73.3     74.1
1694.500     73.3     74.1
1695.000     73.3     74.1
1695.500     73.3     74.1
1696.000     73.3     74.1
1696.500     73.3     74.1
1697.000     73.3     74.1
1697.500     73.3     74.1
1698.000     73.3     74.1
1698.500     73.3     74.1
1699.000     73.3     74.1
1699.500     73.3     74.1
1700.000     73.3     74.0
1700.500     73.3     74.0
1701.000     73.3     74.0
1701.500     73.3     74.0
1702.000     73.2     74.0
1702.500     73.2     74.0
1703.000     73.2     74.0
1703.500     73.2     74.0
1704.000     73.2     74.0
1704.500     73.2     74.0
1705.000     73.2     74.0
1705.500     73.2     74.0
1706.000     73.2     74.0
1706.500     73.2     74.0
1707.000     73.2     74.0
1707.500     73.2     73.9
1708.000     73.2     73.9
1708.500     73.2     73.9
1709.000     73.2     73.9
1709.500     73.2     73.9
1710.000     73.1     73.9
1710.500     73.1     73.9
1711.000     73.1     73.9
1711.500     73.1     73.9
1712.000     73.1     73.9
1712.500     73.1     73.9
1713.000     73.1     73.9
1713.500     73.1     73.9
1714.000     73.1     73.9
1714.500     73.1     73.9
1715.000     73.1     73.9
1715.500     73.1     73.9
1716.000     73.1     73.9
1716.500     73.1     73.9
1717.000     73.1     73.9
1717.500     73.1     73.9
1718.000     73.0     73.8
1718.500     73.0     73.8
1719.000     73.0     73.8
1719.500     73.0     73.8
1720.000     73.0     73.8
1720.500     73.0     73.8
1721.000     73.0     73.8
1721.500     73.0     73.8
1722.000     73.0     73.8
1722.500     73.0     73.8
1723.000     73.0     73.8
1723.500     73.0     73.8
1724.000     73.0     73.8
1724.500     73.0     73.8
1725.000     73.0     73.8
1725.500     73.0     73.8
1726.000     73.0     73.8
1726.500     73.0     73.7
1727.000     73.0     73.7
1727.500     73.0     73.7
1728.000     73.0     73.7
1728.500     73.0     73.7
1729.000     72.9     73.7
1729.500     72.9     73.7
1730.000     72.9     73.7
1730.500     72.9     73.7
1731.000     72.9     73.7
1731.500     72.9     73.7
1732.000     72.9     73.7
1732.500     72.9     73.7
1733.000     72.9     73.7
1733.500     72.9     73.7
1734.000     72.9     73.7
1734.500     72.9     73.7
1735.000     72.9     73.7
1735.500     72.9     73.7
1736.000     72.9     73.7
1736.500     72.9     73.7
